-1 0 0 0 0 0 0 0 0 0 0 0 
-1.00625 -0.00368078 -0.00546061 0.00249895 -0.00493348 0.000520811 -0.25 -0.147231 -0.218424 0.0999578 -0.197339 -0.0475909 
-1.025 -0.0147231 -0.0218424 0.00999578 -0.0197339 -0.00565298 -0.5 -0.294462 -0.436848 0.199916 -0.394679 -0.199361 
-1.05625 -0.0325233 -0.0491455 0.0224905 -0.0444014 -0.0194153 -0.75 -0.357365 -0.655273 0.299873 -0.592018 -0.351131 
-1.1 -0.0467107 -0.0873697 0.0399831 -0.0789357 -0.040766 -1 -0.210134 -0.873697 0.399831 -0.789357 -0.5029 
-1.15625 -0.0535367 -0.136515 0.0624736 -0.123337 -0.0697053 -1.25 -0.0629027 -1.09212 0.499789 -0.986697 -0.65467 
-1.225 -0.053001 -0.196582 0.089962 -0.177605 -0.106233 -1.5 0.0843285 -1.31055 0.599747 -1.18404 -0.80644 
-1.30625 -0.0451038 -0.263995 0.122448 -0.241741 -0.150349 -1.75 0.23156 -1.27904 0.699705 -1.38138 -0.95821 
-1.4 -0.029845 -0.322487 0.159933 -0.315743 -0.202054 -2 0.378791 -1.06062 0.799663 -1.57871 -1.10998 
-1.49552 -0.00722472 -0.370057 0.202415 -0.398569 -0.261347 -1.78681 0.526022 -0.842194 0.89962 -1.64772 -1.26175 
-1.57861 0.0227572 -0.406706 0.249895 -0.476021 -0.328229 -1.53681 0.673253 -0.623769 0.999578 -1.45038 -1.41352 
-1.6492 0.0601006 -0.432434 0.302372 -0.543607 -0.402699 -1.28681 0.820485 -0.405345 1.09954 -1.25304 -1.56529 
-1.70729 0.104806 -0.44724 0.359471 -0.601325 -0.484758 -1.03681 0.967716 -0.186921 1.14459 -1.0557 -1.71706 
-1.75288 0.156872 -0.451126 0.414202 -0.649176 -0.574405 -0.786809 1.11495 0.0315034 1.04463 -0.858359 -1.86883 
-1.78597 0.2163 -0.44409 0.463934 -0.687161 -0.671641 -0.536809 1.26218 0.249928 0.944671 -0.66102 -2.0206 
-1.80657 0.28309 -0.426133 0.508669 -0.715278 -0.776465 -0.286809 1.40941 0.468352 0.844714 -0.463681 -2.17237 
-1.81466 0.357241 -0.397255 0.548405 -0.733529 -0.888878 -0.0368088 1.55664 0.686776 0.744756 -0.266341 -2.32414 
-1.81025 0.438754 -0.357455 0.583144 -0.741913 -1.00888 0.213191 1.70387 0.9052 0.644798 -0.0690018 -2.47591 
-1.79334 0.527628 -0.306735 0.612885 -0.740429 -1.13647 0.463191 1.8511 1.12362 0.54484 0.128338 -2.62768 
-1.76393 0.623864 -0.245093 0.637628 -0.729079 -1.27165 0.713191 1.99833 1.34205 0.444882 0.325677 -2.77945 
-1.72202 0.727462 -0.17253 0.657374 -0.707862 -1.41441 0.963191 2.14557 1.56047 0.344925 0.523016 -2.93122 
-1.66761 0.838421 -0.0890457 0.672121 -0.676777 -1.56477 1.21319 2.2928 1.7789 0.244967 0.720356 -3.08299 
-1.6007 0.956742 0.0053598 0.68187 -0.635826 -1.72271 1.46319 2.44003 1.99732 0.145009 0.917695 -3.23476 
-1.52129 1.08242 0.110686 0.686622 -0.585008 -1.88824 1.71319 2.58726 2.21575 0.045051 1.11503 -3.38653 
-1.44821 1.18905 0.203502 0.686814 -0.536881 -2.02715 1.91464 2.70589 2.39175 -0.0354926 1.27405 -3.50882 
-1.44821 1.18905 0.203502 0.686814 -0.536881 -2.02715 1.91464 2.70589 2.39175 -0.0354926 1.27405 -3.50882 
-1.35133 1.31984 0.31981 0.684437 -0.474431 -2.19634 1.96049 2.5258 2.26058 -0.0595874 1.22396 -3.25882 
-1.25216 1.44163 0.42956 0.680855 -0.414486 -2.35303 2.00635 2.34571 2.12941 -0.0836823 1.17387 -3.00882 
-1.15187 1.55442 0.532751 0.676069 -0.357045 -2.49722 1.98669 2.16562 1.99825 -0.107777 1.12377 -2.75882 
-1.05368 1.65819 0.629385 0.670078 -0.302108 -2.62891 1.94084 1.98553 1.86708 -0.131872 1.07368 -2.50882 
-0.957782 1.75297 0.71946 0.662882 -0.249676 -2.7481 1.89498 1.80544 1.73592 -0.155967 1.02359 -2.25882 
-0.864179 1.83874 0.802976 0.654481 -0.199749 -2.85479 1.84913 1.62535 1.60475 -0.180062 0.973504 -2.00882 
-0.772869 1.9155 0.879935 0.644876 -0.152326 -2.94898 1.80327 1.44526 1.47358 -0.204156 0.923414 -1.75882 
-0.683852 1.98326 0.950335 0.634065 -0.107407 -3.03067 1.75742 1.26517 1.34242 -0.228251 0.873324 -1.50882 
-0.597127 2.04202 1.01418 0.622051 -0.0649934 -3.09987 1.71156 1.08508 1.21125 -0.252346 0.823233 -1.25882 
-0.512696 2.09177 1.07146 0.608831 -0.025084 -3.15656 1.66571 0.90499 1.08009 -0.276441 0.773143 -1.00882 
-0.430557 2.13252 1.12218 0.594406 0.012321 -3.20075 1.61985 0.7249 0.948919 -0.300536 0.723053 -0.75882 
-0.35071 2.16426 1.16635 0.578777 0.0472213 -3.23244 1.574 0.54481 0.817753 -0.324631 0.672963 -0.50882 
-0.273157 2.187 1.20396 0.561943 0.0796172 -3.25163 1.52814 0.364719 0.686587 -0.348725 0.622873 -0.25882 
-0.197896 2.20073 1.23501 0.543905 0.109509 -3.25832 1.48229 0.184629 0.555421 -0.37282 0.572782 -0.00881967 
-0.124928 2.20546 1.2595 0.524661 0.136895 -3.25251 1.43643 0.00453841 0.424255 -0.396915 0.522692 0.24118 
-0.0542529 2.20119 1.27744 0.504213 0.161778 -3.2342 1.39058 -0.175552 0.293088 -0.42101 0.472602 0.49118 
0.0141296 2.18791 1.28881 0.48256 0.184156 -3.20339 1.34472 -0.355642 0.161922 -0.445105 0.422512 0.74118 
0.0802194 2.16562 1.29363 0.459703 0.204029 -3.16008 1.29887 -0.535733 0.0307561 -0.4692 0.372421 0.99118 
0.144016 2.13434 1.29189 0.43564 0.221398 -3.10428 1.25301 -0.715823 -0.10041 -0.493294 0.322331 1.24118 
0.205521 2.09404 1.28359 0.410373 0.236262 -3.03597 1.20716 -0.895914 -0.231576 -0.517389 0.272241 1.49118 
0.264732 2.04474 1.26873 0.383901 0.248622 -2.95516 1.1613 -1.076 -0.362742 -0.541484 0.222151 1.74118 
0.321651 1.98644 1.24731 0.356225 0.258477 -2.86185 1.11545 -1.25609 -0.493908 -0.565579 0.17206 1.99118 
0.376277 1.91913 1.21934 0.32774 0.265828 -2.75604 1.06959 -1.43618 -0.625075 -0.562026 0.12197 2.24118 
0.42861 1.84282 1.18481 0.300241 0.270674 -2.63773 1.02374 -1.61628 -0.756241 -0.537932 0.0718799 2.49118 
0.478651 1.75751 1.14371 0.273947 0.273016 -2.50692 0.977884 -1.79637 -0.887407 -0.513837 0.0217897 2.74118 
0.526399 1.66319 1.09606 0.248858 0.272853 -2.36361 0.932029 -1.97646 -1.01857 -0.489742 -0.0283006 2.99118 
0.571854 1.55986 1.04186 0.224973 0.270186 -2.2078 0.886174 -2.15655 -1.14974 -0.465647 -0.0783908 3.24118 
0.615016 1.44753 0.981091 0.202293 0.265014 -2.03949 0.840319 -2.33664 -1.28091 -0.441552 -0.128481 3.49118 
0.655886 1.3262 0.913766 0.180818 0.257338 -1.85869 0.794464 -2.51673 -1.41207 -0.417457 -0.178571 3.74118 
0.694463 1.19586 0.839884 0.160547 0.247157 -1.66538 0.748609 -2.69682 -1.54324 -0.393363 -0.228662 3.99118 
0.730747 1.05746 0.759442 0.141481 0.234472 -1.46796 0.702754 -2.75999 -1.6744 -0.369268 -0.278752 3.8314 
0.764738 0.923967 0.672443 0.12362 0.219282 -1.28264 0.656899 -2.5799 -1.80557 -0.345173 -0.328842 3.5814 
0.796437 0.799474 0.582285 0.106964 0.201587 -1.10982 0.611044 -2.39981 -1.74787 -0.321078 -0.378932 3.3314 
0.825842 0.683986 0.498171 0.0915125 0.181389 -0.949503 0.56519 -2.21972 -1.6167 -0.296983 -0.429022 3.0814 
0.852956 0.577502 0.420615 0.0772657 0.158685 -0.801683 0.519335 -2.03963 -1.48554 -0.272888 -0.479113 2.8314 
0.877776 0.480022 0.349617 0.0642236 0.133513 -0.666363 0.47348 -1.85954 -1.35437 -0.248794 -0.517212 2.5814 
0.900304 0.391548 0.285178 0.0523863 0.108905 -0.543543 0.427625 -1.67945 -1.2232 -0.224699 -0.467122 2.3314 
0.920538 0.312077 0.227297 0.0417537 0.086801 -0.433223 0.38177 -1.49936 -1.09204 -0.200604 -0.417031 2.0814 
0.938481 0.241611 0.175974 0.0323259 0.0672016 -0.335403 0.335915 -1.31927 -0.960871 -0.176509 -0.366941 1.8314 
0.95413 0.18015 0.13121 0.0241028 0.0501068 -0.250083 0.29006 -1.13918 -0.829705 -0.152414 -0.316851 1.5814 
0.967487 0.127693 0.0930035 0.0170845 0.0355165 -0.177263 0.244205 -0.95909 -0.698539 -0.12832 -0.266761 1.3314 
0.97855 0.0842411 0.0613557 0.0112709 0.0234308 -0.116943 0.19835 -0.779 -0.567373 -0.104225 -0.21667 1.0814 
0.987322 0.0497934 0.0362662 0.006662 0.0138495 -0.0691227 0.152495 -0.598909 -0.436207 -0.0801298 -0.16658 0.831401 
0.9938 0.0243502 0.0177351 0.00325788 0.00677274 -0.0338027 0.10664 -0.418819 -0.30504 -0.056035 -0.11649 0.581401 
0.997986 0.00791148 0.00576221 0.0010585 0.00220049 -0.0109826 0.0607854 -0.238728 -0.173874 -0.0319402 -0.0663998 0.331401 
0.999878 0.000477318 0.000347647 6.38618e-05 0.000132761 -0.000662609 0.0149305 -0.058638 -0.0427081 -0.00784535 -0.0163095 0.0814008 
1 0 0 0 0 0 0 0 0 0 0 0 
