4 2 4 2 4 2 4 2 
-1.37874 6.84966 1.28056 -9.75379 9.44801 -5.75322 0.189239 3.40029 
6.02995 0.289849 6.96135 7.88762 -9.14839 -8.54656 2.70999 5.35616 
4 2 4 2 4 2 4 2 
-5.12365 5.23214 -4.63528 -2.8694 -1.93113 1.92551 6.16941 -9.20775 
3.72796 -1.02738 -1.41157 4.87299 3.33642 -6.57842 -1.67302 4.05295 
-6.52299 0.432959 -1.10823 -1.10983 -8.17266 7.86804 -7.30864 -3.76574 
9.81187 -0.911752 0.402401 5.0322 7.85603 -2.28319 -0.0742834 -4.70924 
6.28638 2.42008 6.66893 -1.03957 4.31722 -9.26359 6.41369 0.722532 
-4.89356 -8.81413 -2.98913 -5.21202 -8.87317 9.32991 3.50613 1.12709 
4.20471 -0.336936 -7.58389 8.29307 -1.69991 7.73715 8.93139 2.63889 
1.58088 8.78677 -1.08933 -4.79404 0.0192381 9.09908 3.68645 8.49275 
-5.03709 8.22828 -4.31624 0.538444 -4.97556 9.44867 0.965833 5.88825 
8.22285 7.74406 0.0757775 9.7506 3.82274 1.17048 -0.316514 -4.56186 
-4.94463 -7.57396 -4.33513 -1.32117 0.870689 -2.16307 6.53988 -1.67863 
7.90068 0.173981 -9.9577 5.00846 8.7202 5.22577 0.577194 -8.89586 
2.41152 -0.916073 -6.76314 -2.95365 7.64562 1.11448 5.38662 -4.72723 
-5.47218 -5.57756 -1.25465 6.21736 4.63782 2.56922 1.22973 2.04231 
-6.21489 1.00582 -7.02306 -0.40982 0.382808 9.67802 1.38271 -9.06367 
2.02352 -4.32133 8.20493 9.31448 5.53458 -9.13588 4.3842 -9.92795 
-8.62229 2.32148 -9.81615 3.78466 4.33695 -2.75788 9.45991 5.22786 
4 2 4 2 4 2 4 2 
