4.71 -0.1 0 0 0 0 -1.43 0 0 0 0 0 0 0 
4.71 -0.100866 0 -0.0025 0 -0.0025 -1.43 0 -0.0346433 0 -0.1 0 -0.1 0 
4.71 -0.103464 0 -0.01 0 -0.01 -1.43 0 -0.0692865 0 -0.2 0 -0.2 0 
4.71 -0.107795 0 -0.0225 0 -0.0225 -1.43 0 -0.10393 0 -0.3 0 -0.3 0 
4.71 -0.113857 0 -0.04 0 -0.04 -1.43 0 -0.138573 0 -0.4 0 -0.4 0 
4.71 -0.121652 0 -0.0625 0 -0.0625 -1.43 0 -0.173216 0 -0.5 0 -0.5 0 
4.71 -0.131179 0 -0.09 0 -0.09 -1.43 0 -0.20786 0 -0.6 0 -0.6 0 
4.71 -0.142438 0 -0.1225 0 -0.1225 -1.43 0 -0.242503 0 -0.7 0 -0.7 0 
4.71 -0.155429 0 -0.16 0 -0.16 -1.43 0 -0.277146 0 -0.8 0 -0.8 0 
4.71 -0.170153 0 -0.2025 0 -0.2025 -1.43 0 -0.311789 0 -0.9 0 -0.9 0 
4.71 -0.186608 0 -0.25 0 -0.25 -1.43 0 -0.346433 0 -1 0 -1 0 
4.71 -0.20478 0 -0.3025 0 -0.3025 -1.43 0 -0.374376 0 -1.1 0 -1.1 0 
4.71 -0.222632 0 -0.36 0 -0.36 -1.43 0 -0.339733 0 -1.2 0 -1.2 0 
4.71 -0.238753 0 -0.42213 0 -0.42213 -1.43 0 -0.30509 0 -1.24558 0 -1.24558 0 
4.71 -0.253141 0 -0.481909 0 -0.481909 -1.43 0 -0.270446 0 -1.14558 0 -1.14558 0 
4.71 -0.265798 0 -0.536688 0 -0.536688 -1.43 0 -0.235803 0 -1.04558 0 -1.04558 0 
4.71 -0.276722 0 -0.586468 0 -0.586468 -1.43 0 -0.20116 0 -0.945584 0 -0.945584 0 
4.71 -0.285914 0 -0.631247 0 -0.631247 -1.43 0 -0.166517 0 -0.845584 0 -0.845584 0 
4.71 -0.293373 0 -0.671026 0 -0.671026 -1.43 0 -0.131873 0 -0.745584 0 -0.745584 0 
4.71 -0.299101 0 -0.705805 0 -0.705805 -1.43 0 -0.0972302 0 -0.645584 0 -0.645584 0 
4.71 -0.303096 0 -0.735584 0 -0.735584 -1.43 0 -0.0625869 0 -0.545584 0 -0.545584 0 
4.71 -0.30536 0 -0.760364 0 -0.760364 -1.43 0 -0.0279436 0 -0.445584 0 -0.445584 0 
4.71 -0.305891 0 -0.780143 0 -0.780143 -1.43 0 0.00669963 0 -0.345584 0 -0.345584 0 
4.71 -0.30469 0 -0.794922 0 -0.794922 -1.43 0 0.0413429 0 -0.245584 0 -0.245584 0 
4.71 -0.301756 0 -0.804701 0 -0.804701 -1.43 0 0.0759861 0 -0.145584 0 -0.145584 0 
4.71 -0.297091 0 -0.809481 0 -0.809481 -1.43 0 0.110629 0 -0.0455844 0 -0.0455844 0 
4.71 -0.290694 0 -0.80926 0 -0.80926 -1.43 0 0.145273 0 0.0544156 0 0.0544156 0 
4.71 -0.282564 0 -0.804039 0 -0.804039 -1.43 0 0.179916 0 0.154416 0 0.154416 0 
4.71 -0.272702 0 -0.793818 0 -0.793818 -1.43 0 0.214559 0 0.254416 0 0.254416 0 
4.71 -0.261108 0 -0.778597 0 -0.778597 -1.43 0 0.249202 0 0.354416 0 0.354416 0 
4.71 -0.247782 0 -0.758377 0 -0.758377 -1.43 0 0.283846 0 0.454416 0 0.454416 0 
4.71 -0.232723 0 -0.733156 0 -0.733156 -1.43 0 0.318489 0 0.554416 0 0.554416 0 
4.71 -0.215933 0 -0.702935 0 -0.702935 -1.43 0 0.353132 0 0.654416 0 0.654416 0 
4.71 -0.19741 0 -0.667714 0 -0.667714 -1.43 0 0.387775 0 0.754416 0 0.754416 0 
4.71 -0.177155 0 -0.627494 0 -0.627494 -1.43 0 0.422419 0 0.854416 0 0.854416 0 
4.71 -0.155168 0 -0.582273 0 -0.582273 -1.43 0 0.457062 0 0.954416 0 0.954416 0 
4.71 -0.131449 0 -0.532052 0 -0.532052 -1.43 0 0.491705 0 1.05442 0 1.05442 0 
4.71 -0.105998 0 -0.476831 0 -0.476831 -1.43 0 0.526349 0 1.15442 0 1.15442 0 
4.71 -0.0788142 0 -0.41661 0 -0.41661 -1.43 0 0.560992 0 1.25442 0 1.25442 0 
4.71 -0.0498985 0 -0.35139 0 -0.35139 -1.43 0 0.595635 0 1.35442 0 1.35442 0 
4.71 -0.0192507 0 -0.281169 0 -0.281169 -1.43 0 0.630278 0 1.45442 0 1.45442 0 
4.71 0.0131293 0 -0.205948 0 -0.205948 -1.43 0 0.664922 0 1.55442 0 1.55442 0 
4.71 0.0472415 0 -0.125727 0 -0.125727 -1.43 0 0.699565 0 1.65442 0 1.65442 0 
4.71 0.0830858 0 -0.0405065 0 -0.0405065 -1.43 0 0.734208 0 1.75442 0 1.75442 0 
4.71 0.1 -0 0 -0 -0 -1.43 0 0.75 0 1.8 0 1.8 0 
