4.71 -0.1 0 0 0 0 -1.43 0 0 0 0 0 0 0 
4.71 -0.0975 0 0 0 0 -1.43 0 0.1 0 0 0 0 0 
4.71 -0.09 0 0 0 0 -1.43 0 0.2 0 0 0 0 0 
4.71 -0.0775 0 0 0 0 -1.43 0 0.3 0 0 0 0 0 
4.71 -0.06 0 0 0 0 -1.43 0 0.4 0 0 0 0 0 
4.71 -0.0375 0 0 0 0 -1.43 0 0.5 0 0 0 0 0 
4.71 -0.01 0 0 0 0 -1.43 0 0.6 0 0 0 0 0 
4.71 0.0202189 0 0 0 0 -1.43 0 0.564911 0 0 0 0 0 
4.71 0.0459644 0 0 0 0 -1.43 0 0.464911 0 0 0 0 0 
4.71 0.06671 0 0 0 0 -1.43 0 0.364911 0 0 0 0 0 
4.71 0.0824555 0 0 0 0 -1.43 0 0.264911 0 0 0 0 0 
4.71 0.0932011 0 0 0 0 -1.43 0 0.164911 0 0 0 0 0 
4.71 0.0989466 0 0 0 0 -1.43 0 0.0649111 0 0 0 0 0 
4.71 0.1 -0 0 -0 -0 -1.43 0 0 0 0 0 0 0 
