-0.536187 6.61 -4.65616 -0.0235939 
-3.855 4.3353 -4.32093 4.91157 
-9.95896 -7.74826 1.39454 5.22491 
-5.28452 4.443 -2.8314 -2.35439 
-3.77007 2.16314 -8.63695 -5.46819 
5.92013 9.85811 8.32197 1.35365 
4.67523 -3.60665 3.34078 -2.24045 
-5.11866 -2.42636 -2.35183 -7.94007 
6.85459 6.33017 2.21802 4.60009 
-0.45949 -6.54544 0.608991 -6.77699 
-6.04702 4.90786 -4.99429 -7.19681 
1.68614 -9.48369 9.17058 -3.02156 
7.05881 -5.50328 1.14831 -6.4091 
-1.26369 -8.98366 8.61225 3.25343 
4.62088 0.635739 2.20331 -2.94779 
-5.45283 9.52697 -7.83228 -6.12533 
-5.63647 -9.14019 -5.04975 4.60295 
8.37399 2.01655 -9.0532 -3.17684 
-3.86451 -7.9986 -5.51562 4.51399 
-3.06799 4.4553 -6.46628 2.36608 
-9.28226 -9.38746 -6.51046 -8.82515 
-4.00471 -4.10869 7.20802 2.96707 
3.39292 4.21359 8.39906 4.16538 
-6.51137 7.82773 3.75697 2.22899 
4 2 4 2 
5.01228 2.98242 9.92696 -1.40924 
7.23146 -6.20665 9.42229 1.74296 
8.92914 -8.23606 -9.69857 -7.77989 
-7.6705 3.47464 -2.14115 6.21861 
-3.97802 -1.42227 0.102994 -2.44168 
7.43078 -3.69962 -7.11964 -3.52365 
-8.6001 -4.03172 5.58833 -4.68343 
8.56841 9.64334 9.02077 -2.0696 
-3.92537 -0.864443 9.05771 -0.298893 
-0.845423 4.76764 2.81442 2.79732 
-6.06387 -2.31315 0.476049 -9.96308 
5.71004 -0.107943 9.21376 -4.35289 
0.673656 -4.03107 2.26254 -7.24707 
-1.75155 0.925424 -0.0984892 5.66738 
-0.437753 1.80917 -6.51546 6.88689 
-2.66645 -2.5293 -7.93296 2.09808 
-4.01093 5.25044 3.54083 -7.25699 
-2.93149 -4.72306 -9.43315 -9.49879 
4 2 4 2 
