0 0 0 0 0 0 
-0.000923644 -0.000669723 0.00125 -0.0369458 -0.0267889 0.05 
-0.00369458 -0.00267889 0.005 -0.0738915 -0.0535778 0.1 
-0.0083128 -0.0060275 0.01125 -0.110837 -0.0803667 0.15 
-0.0147783 -0.0107156 0.02 -0.147783 -0.107156 0.2 
-0.0230911 -0.0154857 0.03125 -0.184729 -0.0820333 0.25 
-0.0332512 -0.0189176 0.045 -0.221675 -0.0552444 0.3 
-0.0452586 -0.0210101 0.06125 -0.25862 -0.0284555 0.35 
-0.0591132 -0.0217632 0.08 -0.295566 -0.00166662 0.4 
-0.0748152 -0.0211768 0.10125 -0.332512 0.0251223 0.45 
-0.0923644 -0.0192509 0.125 -0.369458 0.0519112 0.5 
-0.111761 -0.0159856 0.15125 -0.406404 0.0787001 0.55 
-0.133005 -0.0113809 0.18 -0.443349 0.105489 0.6 
-0.156096 -0.00543674 0.21125 -0.480295 0.132278 0.65 
-0.181034 0.00184688 0.245 -0.517241 0.159067 0.7 
-0.20782 0.0104699 0.28125 -0.554187 0.185856 0.75 
-0.235963 0.0204324 0.32 -0.553094 0.212645 0.8 
-0.262694 0.0317344 0.36125 -0.516148 0.239434 0.85 
-0.287578 0.0443758 0.405 -0.479202 0.266222 0.9 
-0.310615 0.0583566 0.45125 -0.442257 0.293011 0.95 
-0.331804 0.0736769 0.5 -0.405311 0.3198 1 
-0.351146 0.0903367 0.55125 -0.368365 0.346589 1.05 
-0.36864 0.108336 0.605 -0.331419 0.373378 1.1 
-0.384288 0.127674 0.66125 -0.294474 0.400167 1.15 
-0.398088 0.148353 0.72 -0.257528 0.426956 1.2 
-0.410041 0.17037 0.78125 -0.220582 0.453745 1.25 
-0.420146 0.193727 0.845 -0.183636 0.480534 1.3 
-0.428404 0.218423 0.910332 -0.14669 0.507323 1.28941 
-0.434815 0.244459 0.973553 -0.109745 0.534111 1.23941 
-0.439379 0.271835 1.03427 -0.0727989 0.5609 1.18941 
-0.442095 0.300549 1.09249 -0.0358531 0.587689 1.13941 
-0.442964 0.330603 1.14821 0.00109263 0.614478 1.08941 
-0.441986 0.361997 1.20143 0.0380384 0.641267 1.03941 
-0.43916 0.39473 1.25216 0.0749842 0.668056 0.98941 
-0.434487 0.428803 1.30038 0.11193 0.694845 0.93941 
-0.427967 0.464215 1.3461 0.148876 0.721634 0.88941 
-0.4196 0.500966 1.38932 0.185821 0.748423 0.83941 
-0.409385 0.539057 1.43004 0.222767 0.775212 0.78941 
-0.397323 0.578487 1.46826 0.259713 0.802001 0.73941 
-0.383414 0.619257 1.50398 0.296659 0.828789 0.68941 
-0.367657 0.661366 1.5372 0.333605 0.855578 0.63941 
-0.350053 0.704815 1.56792 0.37055 0.882367 0.58941 
-0.330602 0.749603 1.59614 0.407496 0.909156 0.53941 
-0.309304 0.79573 1.62186 0.444442 0.935945 0.48941 
-0.286158 0.843197 1.64508 0.481388 0.962734 0.43941 
-0.261165 0.892004 1.6658 0.518333 0.989523 0.38941 
-0.234324 0.94215 1.68402 0.555279 1.01631 0.33941 
-0.226622 0.956169 1.68859 0.565436 1.02368 0.325665 
-0.226622 0.956169 1.68859 0.565436 1.02368 0.325665 
-0.197984 1.0061 1.70389 0.580099 0.973676 0.286108 
-0.168613 1.05354 1.7172 0.594763 0.923676 0.24655 
-0.138508 1.09847 1.72854 0.609427 0.873676 0.206993 
-0.10767 1.1409 1.7379 0.624091 0.823676 0.167435 
-0.0760987 1.18084 1.74529 0.638755 0.773676 0.127877 
-0.0437944 1.21827 1.75069 0.653418 0.723676 0.0883198 
-0.0107568 1.25321 1.75412 0.668082 0.673676 0.0487623 
0.0230139 1.28564 1.75557 0.682746 0.623676 0.00920474 
0.0575178 1.31557 1.75504 0.69741 0.573676 -0.0303528 
0.0927548 1.34301 1.75253 0.712074 0.523676 -0.0699104 
0.128725 1.36794 1.74805 0.726737 0.473676 -0.109468 
0.165429 1.39037 1.74158 0.741401 0.423676 -0.149025 
0.202865 1.41031 1.73314 0.756065 0.373676 -0.188583 
0.241035 1.42774 1.72273 0.770729 0.323676 -0.228141 
0.279938 1.44268 1.71033 0.785393 0.273676 -0.267698 
0.319574 1.45511 1.69596 0.800057 0.223676 -0.307256 
0.359944 1.46504 1.6796 0.81472 0.173676 -0.346813 
0.401046 1.47248 1.66127 0.829384 0.123676 -0.386371 
0.442205 1.47741 1.64097 0.815871 0.0736759 -0.425928 
0.482632 1.47985 1.61868 0.801207 0.0236759 -0.465486 
0.522326 1.47978 1.59442 0.786543 -0.0263241 -0.505043 
0.561287 1.47721 1.56818 0.771879 -0.0763241 -0.544601 
0.599514 1.47215 1.53996 0.757216 -0.126324 -0.584159 
0.637008 1.46458 1.50976 0.742552 -0.176324 -0.623716 
0.673769 1.45451 1.47759 0.727888 -0.226324 -0.663274 
0.709797 1.44195 1.44343 0.713224 -0.276324 -0.702831 
0.745092 1.42688 1.4073 0.69856 -0.326324 -0.742389 
0.779653 1.40932 1.3692 0.683897 -0.376324 -0.781946 
0.813481 1.38925 1.32911 0.669233 -0.426324 -0.821504 
0.846576 1.36668 1.28705 0.654569 -0.476324 -0.861061 
0.878938 1.34162 1.243 0.639905 -0.526324 -0.900619 
0.910567 1.31405 1.19698 0.625241 -0.576324 -0.940177 
0.941462 1.28398 1.14899 0.610577 -0.626324 -0.979734 
0.971625 1.25142 1.09901 0.595914 -0.676324 -1.01929 
1.00105 1.21635 1.04706 0.58125 -0.726324 -1.05885 
1.02975 1.17879 0.993125 0.566586 -0.776324 -1.09841 
1.05771 1.13872 0.937216 0.551922 -0.826324 -1.13796 
1.08494 1.09615 0.879329 0.537258 -0.876324 -1.17752 
1.11144 1.05109 0.821341 0.522595 -0.926324 -1.14 
1.1372 1.00352 0.765329 0.507931 -0.976324 -1.10045 
1.16223 0.953455 0.711296 0.493267 -1.02632 -1.06089 
1.18653 0.900889 0.659241 0.478603 -1.07632 -1.02133 
1.21009 0.845823 0.609163 0.463939 -1.12632 -0.981774 
1.23292 0.790079 0.561063 0.449276 -1.09094 -0.942216 
1.25502 0.736782 0.514941 0.434612 -1.04094 -0.902659 
1.27638 0.685984 0.470797 0.419948 -0.990943 -0.863101 
1.29701 0.637687 0.428631 0.405284 -0.940943 -0.823544 
1.31691 0.59189 0.388443 0.39062 -0.890943 -0.783986 
1.33608 0.548593 0.350233 0.375956 -0.840943 -0.744428 
1.35451 0.507796 0.314 0.361293 -0.790943 -0.704871 
1.37221 0.469499 0.279745 0.346629 -0.740943 -0.665313 
1.38917 0.433701 0.247469 0.331965 -0.690943 -0.625756 
1.4054 0.400404 0.21717 0.317301 -0.640943 -0.586198 
1.4209 0.369607 0.188849 0.302637 -0.590943 -0.546641 
1.43567 0.34131 0.162506 0.287974 -0.540943 -0.507083 
1.4497 0.315513 0.138141 0.27331 -0.490943 -0.467526 
1.463 0.292216 0.115753 0.258646 -0.440943 -0.427968 
1.47556 0.271418 0.0953438 0.243982 -0.390943 -0.38841 
1.48739 0.253121 0.0769122 0.229318 -0.340943 -0.348853 
1.49849 0.237324 0.0604585 0.214654 -0.290943 -0.309295 
1.50886 0.224027 0.0459827 0.199991 -0.240943 -0.269738 
1.51849 0.21323 0.0334847 0.185327 -0.190943 -0.23018 
1.52739 0.204933 0.0229646 0.170663 -0.140943 -0.190623 
1.53556 0.199135 0.0144225 0.155999 -0.0909435 -0.151065 
1.54299 0.195838 0.00785813 0.141335 -0.0409435 -0.111508 
1.54969 0.195041 0.00327169 0.126672 0.00905652 -0.07195 
1.55566 0.196744 0.00066313 0.112008 0.0590565 -0.0323925 
1.56 0.2 0 0.1 0.1 0 
