5.65 -1.5 -0.26 1.96 -1.15 0.87 -1.43 0 0 0 0 0 0 0 
5.6464 -1.50072 -0.264703 1.95661 -1.14732 0.86375 -1.43111 -0.143965 -0.0286846 -0.188125 -0.135581 0.107098 -0.25 -0.0442921 
5.6356 -1.50287 -0.278813 1.94644 -1.13929 0.845 -1.43443 -0.28793 -0.0573691 -0.37625 -0.271163 0.214196 -0.5 -0.0885842 
5.61761 -1.50645 -0.301625 1.92949 -1.1259 0.81375 -1.43997 -0.431895 -0.0860537 -0.461474 -0.406744 0.321295 -0.75 -0.132876 
5.59241 -1.51147 -0.319995 1.90577 -1.10716 0.77 -1.44772 -0.57586 -0.114738 -0.273349 -0.542325 0.428393 -1 -0.177168 
5.56002 -1.51793 -0.32896 1.87526 -1.08306 0.713759 -1.45768 -0.719825 -0.143423 -0.0852242 -0.677906 0.535491 -1.23679 -0.22146 
5.52268 -1.52582 -0.328518 1.83798 -1.05361 0.658169 -1.46986 -0.75 -0.172107 0.102901 -0.813488 0.642589 -0.986794 -0.265753 
5.48518 -1.53514 -0.318669 1.79391 -1.0188 0.615079 -1.48426 -0.75 -0.200792 0.291026 -0.949069 0.749688 -0.736794 -0.310045 
5.44768 -1.5459 -0.299415 1.74307 -0.978643 0.58449 -1.50087 -0.75 -0.229476 0.479151 -1.08465 0.856786 -0.486794 -0.354337 
5.41018 -1.55809 -0.270754 1.69186 -0.933126 0.5664 -1.51969 -0.75 -0.258161 0.667276 -0.956433 0.963884 -0.236794 -0.398629 
5.37268 -1.5717 -0.232687 1.64743 -0.882254 0.56081 -1.54073 -0.75 -0.282772 0.855402 -0.820852 1.07098 0.0132063 -0.442542 
5.33518 -1.58513 -0.185214 1.60978 -0.826321 0.567721 -1.56175 -0.75 -0.254088 1.04353 -0.685271 1.12792 0.263206 -0.39825 
5.29768 -1.59711 -0.128335 1.5789 -0.772603 0.587131 -1.58056 -0.75 -0.225403 1.23165 -0.54969 1.02082 0.513206 -0.353958 
5.26111 -1.60767 -0.062049 1.55481 -0.724239 0.619041 -1.59715 -0.676825 -0.196718 1.41978 -0.414108 0.913724 0.763206 -0.309666 
5.23087 -1.61678 0.013643 1.53749 -0.68123 0.663452 -1.61152 -0.53286 -0.168034 1.6079 -0.278527 0.806626 1.01321 -0.265374 
5.21986 -1.62034 0.0498751 1.53203 -0.664027 0.686917 -1.61714 -0.469605 -0.15543 1.69056 -0.218955 0.759569 1.12305 -0.245913 
5.21986 -1.62034 0.0498751 1.53203 -0.664027 0.686917 -1.61714 -0.469605 -0.15543 1.69056 -0.218955 0.759569 1.12305 -0.245913 
5.19665 -1.62186 0.132123 1.51712 -0.626573 0.740993 -1.6276 -0.458804 0.0945696 1.59934 -0.377447 0.738577 1.03997 -0.172401 
5.17398 -1.61088 0.209809 1.49428 -0.590169 0.790914 -1.63438 -0.448003 0.34457 1.50811 -0.535938 0.717585 0.956886 -0.0988886 
5.15185 -1.5874 0.282934 1.46353 -0.554814 0.836681 -1.63748 -0.437202 0.59457 1.41689 -0.69443 0.696593 0.873802 -0.0253765 
5.13026 -1.55232 0.351498 1.42484 -0.520509 0.878294 -1.63692 -0.426401 0.75 1.32567 -0.852922 0.675601 0.790719 0.0481355 
5.10921 -1.51482 0.4155 1.37823 -0.487254 0.915753 -1.63267 -0.4156 0.75 1.23444 -1.01141 0.65461 0.707636 0.121648 
5.0887 -1.47732 0.474942 1.3237 -0.455049 0.949058 -1.62475 -0.404799 0.75 1.14322 -1.16991 0.633618 0.624553 0.19516 
5.06873 -1.43982 0.529822 1.26124 -0.423892 0.978209 -1.61316 -0.393999 0.75 1.05199 -1.3284 0.612626 0.54147 0.268672 
5.0493 -1.40232 0.580141 1.19086 -0.393786 1.00321 -1.59788 -0.383198 0.75 0.960771 -1.48689 0.591634 0.458387 0.342184 
5.03041 -1.36482 0.625899 1.11255 -0.364729 1.02405 -1.57894 -0.372397 0.75 0.869547 -1.64538 0.570642 0.375304 0.415696 
5.01206 -1.32732 0.667096 1.02632 -0.336722 1.04074 -1.55631 -0.361596 0.75 0.778323 -1.80387 0.54965 0.292221 0.489208 
4.99425 -1.28982 0.703732 0.932167 -0.309764 1.05327 -1.53002 -0.350795 0.75 0.687099 -1.96236 0.528658 0.209138 0.56272 
4.97698 -1.25232 0.735806 0.83239 -0.283856 1.06165 -1.50004 -0.339994 0.75 0.595875 -2 0.507666 0.126055 0.636232 
4.96025 -1.21482 0.763319 0.73239 -0.258997 1.06587 -1.46639 -0.329193 0.75 0.504652 -2 0.486674 0.0429716 0.709744 
4.94406 -1.17732 0.786271 0.63239 -0.235189 1.06595 -1.42907 -0.318393 0.75 0.413428 -2 0.465682 -0.0401115 0.783256 
4.92841 -1.13982 0.804662 0.53239 -0.212429 1.06186 -1.38807 -0.307592 0.75 0.322204 -2 0.44469 -0.123195 0.856768 
4.9133 -1.10232 0.818492 0.43239 -0.19072 1.05363 -1.34339 -0.296791 0.75 0.23098 -2 0.423698 -0.206278 0.93028 
4.89873 -1.06482 0.82776 0.33239 -0.170059 1.04124 -1.29504 -0.28599 0.75 0.139757 -2 0.402706 -0.289361 1.00379 
4.8847 -1.02732 0.832467 0.23239 -0.150449 1.02469 -1.24301 -0.275189 0.75 0.0485328 -2 0.381714 -0.372444 1.0773 
4.87121 -0.989818 0.832613 0.13239 -0.131888 1.00399 -1.18731 -0.264388 0.75 -0.042691 -2 0.360722 -0.455527 1.15082 
4.85826 -0.952318 0.828198 0.0323899 -0.114377 0.979138 -1.12793 -0.253587 0.75 -0.133915 -2 0.33973 -0.53861 1.22433 
4.84585 -0.914818 0.819222 -0.0657989 -0.097915 0.950131 -1.06488 -0.242787 0.75 -0.225139 -1.89284 0.318739 -0.621693 1.29784 
4.83398 -0.877318 0.805684 -0.156479 -0.0825028 0.916969 -0.998146 -0.231986 0.75 -0.316362 -1.73435 0.297747 -0.704776 1.37135 
4.82265 -0.839818 0.787586 -0.239234 -0.0681403 0.879653 -0.927741 -0.221185 0.75 -0.407586 -1.57586 0.276755 -0.787859 1.44486 
4.81186 -0.802318 0.764926 -0.314065 -0.0548274 0.838183 -0.85366 -0.210384 0.75 -0.49881 -1.41737 0.255763 -0.870942 1.51838 
4.80161 -0.764818 0.737705 -0.380971 -0.042564 0.792559 -0.777001 -0.199583 0.75 -0.590034 -1.25888 0.234771 -0.954026 1.51154 
4.7919 -0.727318 0.705922 -0.439952 -0.0313503 0.74278 -0.703262 -0.188782 0.75 -0.681257 -1.10039 0.213779 -1.03711 1.43803 
4.78274 -0.689818 0.669579 -0.491009 -0.0211862 0.688848 -0.633198 -0.177981 0.75 -0.772481 -0.941894 0.192787 -1.12019 1.36452 
4.77411 -0.652318 0.628674 -0.534142 -0.0120716 0.630761 -0.56681 -0.167181 0.75 -0.863705 -0.783402 0.171795 -1.20327 1.29101 
4.76602 -0.614818 0.583208 -0.56935 -0.00400666 0.56852 -0.504098 -0.15638 0.75 -0.954929 -0.62491 0.150803 -1.28636 1.21749 
4.75847 -0.577318 0.533181 -0.596633 0.0030087 0.503006 -0.445061 -0.145579 0.75 -1.04615 -0.466419 0.129811 -1.29292 1.14398 
4.75146 -0.539818 0.478593 -0.615992 0.00897445 0.440437 -0.389699 -0.134778 0.75 -1.13738 -0.307927 0.108819 -1.20984 1.07047 
4.74499 -0.502318 0.419444 -0.627426 0.0138906 0.382022 -0.338014 -0.123977 0.75 -1.2286 -0.149435 0.0878272 -1.12676 0.996957 
4.73906 -0.464818 0.359876 -0.630935 0.0177572 0.327761 -0.290004 -0.113176 0.75 -1.14594 0.0090562 0.0668353 -1.04367 0.923445 
4.73367 -0.427318 0.30486 -0.62652 0.0205741 0.277655 -0.245669 -0.102375 0.75 -1.05471 0.167548 0.0458434 -0.960592 0.849933 
4.72882 -0.389818 0.254405 -0.61418 0.0223415 0.231702 -0.20501 -0.0915746 0.75 -0.963489 0.32604 0.0248514 -0.877509 0.776421 
4.72452 -0.352318 0.208511 -0.593916 0.0230593 0.189904 -0.168027 -0.0807737 0.75 -0.872265 0.484531 0.00385948 -0.794426 0.702909 
4.72075 -0.314818 0.167178 -0.565727 0.0227275 0.15226 -0.13472 -0.0699728 0.75 -0.781042 0.643023 -0.0171325 -0.711343 0.629397 
4.71752 -0.277318 0.130407 -0.529614 0.021346 0.11877 -0.105088 -0.059172 0.75 -0.689818 0.801514 -0.0381244 -0.628259 0.555885 
4.71483 -0.239818 0.0981967 -0.485576 0.018915 0.0894337 -0.0791311 -0.0483711 0.75 -0.598594 0.960006 -0.0591163 -0.545176 0.482373 
4.71268 -0.202318 0.0705476 -0.433613 0.0154344 0.064252 -0.0568503 -0.0375703 0.75 -0.50737 1.1185 -0.0801083 -0.462093 0.408861 
4.71107 -0.164818 0.0474596 -0.373726 0.0109212 0.0432244 -0.038245 -0.0267694 0.75 -0.416147 1.27699 -0.0957615 -0.37901 0.335349 
4.71 -0.127318 0.0289329 -0.305914 0.00665789 0.026351 -0.0233154 -0.0159685 0.75 -0.324923 1.43548 -0.0747695 -0.295927 0.261837 
4.70948 -0.0898183 0.0149674 -0.230178 0.00344421 0.0136317 -0.0120614 -0.00516768 0.75 -0.233699 1.59397 -0.0537776 -0.212844 0.188325 
4.70949 -0.0523183 0.00556302 -0.146517 0.00128013 0.00506658 -0.00448292 0.00563318 0.75 -0.142475 1.75246 -0.0327856 -0.129761 0.114813 
4.70991 -0.0160183 0.000719853 -0.0549314 0.000165649 0.000655614 -0.000580088 0.00606815 0.640455 -0.0512514 1.91096 -0.0117937 -0.0466778 0.0413006 
4.71 0 -0 0 -0 -0 0 0 0.5 0 2 0 0 0 
