4.19606 -1.9369 1.50313 2.02779 0.444703 1.50065 -2.22877 0.259679 -0.438712 -1.16535 0.0475325 0.00689928 2.41442 0.204284 
4.71 0 -0 0 -0 -0 0 0 0.5 0 2 0 0 0 
4.94634 0.653907 -2.13426 0.815447 0.624155 0.674965 0.61018 0.162482 -0.749396 1.7319 1.69146 -1.78615 -1.47233 -0.300055 
4.19883 -1.40673 0.823528 0.544105 0.62045 0.299332 -0.101942 -0.668427 -0.645515 1.36384 0.525615 -1.90034 -2.47496 -0.965202 
4.87915 1.34315 -1.93269 1.58214 -4.53709 1.15956 -1.91256 0.221811 0.21735 1.59593 -1.25748 -0.800775 1.6022 -0.977218 
4.37089 1.98282 -0.182514 2.8862 1.04569 0.863964 -2.24211 -0.719804 -0.0981378 -0.51622 -0.178674 -2.02754 -2.04093 0.665304 
1.63657 -0.171022 2.68768 1.86712 0.122152 -1.54489 1.55639 -0.28531 0.250752 0.390429 -1.46067 -1.81652 -1.80571 -1.15833 
5.62707 0.390482 -2.44009 1.43733 -1.88635 0.0652962 1.1335 -0.0991987 -0.428842 -0.168434 1.87575 -1.06084 0.265397 0.84912 
4.71 0 -0 0 -0 -0 0 0 0.5 0 2 0 0 0 
3.39449 -0.217583 1.07221 1.48703 -2.92635 0.652243 -0.0907017 0.386512 -0.559175 -0.448595 -1.47681 1.54166 -0.692404 0.684505 
2.7731 1.14743 1.52753 0.317911 -4.45289 0.548934 -2.22458 0.120566 -0.380856 -0.0766138 -1.66596 1.07708 1.15452 0.120467 
0.879414 -1.94093 1.83956 -0.623214 -0.894711 -1.45255 -2.80933 0.0328551 0.651564 -1.16625 -0.179434 0.603943 0.916453 -1.31865 
5.19659 0.98232 -0.498711 -0.506025 -2.1956 0.881122 0.816374 -0.310188 -0.366011 0.656228 -0.20953 -2.29598 -1.77753 -1.81261 
5.18443 0.924516 2.2668 2.73539 -0.681197 -1.21371 2.98332 0.0962844 0.147401 0.0932932 1.27778 1.86721 -0.563609 0.768064 
4.71 0 -0 0 -0 -0 0 0 0.5 0 2 0 0 0 
2.56425 -1.35441 0.797464 1.78216 -1.76403 -0.94026 -0.386383 0.278326 -0.432321 -1.06224 -0.594709 0.123485 -0.739133 1.78498 
0.549807 0.847223 -1.86221 1.16321 1.14637 0.140106 -2.31716 0.187967 -0.647435 -1.04381 1.45262 -0.591083 1.91638 -2.23868 
4.1495 1.99133 2.13029 -0.897269 -1.10538 1.03673 -2.37603 -0.163772 -0.0478379 -0.148195 0.0517656 -1.93179 1.87915 1.33546 
1.6946 -0.512952 0.213886 2.89327 -0.193757 -0.995514 0.950248 0.0893476 0.559341 1.23549 1.14034 0.107719 -1.03978 -1.29474 
1.20445 0.870591 -2.19891 -0.113156 -1.3574 -0.409593 2.10449 0.281663 -0.729059 -0.882472 -0.0727374 2.2864 -0.956394 0.765584 
5.08365 0.254534 0.442432 -0.626453 -2.56247 0.641572 -2.67475 0.523973 -0.555823 0.919248 1.66647 -1.85216 0.0390656 0.737249 
1.07512 0.204354 0.432521 -0.658421 -0.976742 -0.56705 -0.904203 -0.158748 -0.112269 0.205676 -1.30264 0.831501 -0.484784 -1.82689 
4.71 0 -0 0 -0 -0 0 0 0.5 0 2 0 0 0 
5.21592 -1.19249 0.700637 -0.0964135 -0.129547 0.127569 2.25037 0.357912 -0.233309 0.992539 -1.04314 1.91503 -1.31349 -0.115379 
5.23178 0.112165 2.74265 2.55235 -1.84132 -0.911088 1.96703 0.193681 0.186937 1.64893 1.47108 1.25496 -1.3981 2.1122 
4.73924 -1.03174 0.774957 -0.866569 0.296901 0.193583 -1.8092 -0.708306 -0.410275 -1.49023 -0.231381 1.27354 1.67019 1.97675 
2.85783 -0.324371 1.44441 -0.176353 -3.22045 1.2821 1.94109 0.173944 -0.698152 0.574956 -0.678349 0.401007 0.819927 2.06375 
3.27831 -0.164888 0.937758 2.36642 -3.53615 1.38932 0.838679 -0.582878 0.37096 1.20986 -1.17381 -1.97073 1.74218 0.238182 
1.97718 1.41468 -2.72702 1.47613 -0.708569 1.5625 0.0401919 -0.0840008 0.191086 -0.263509 1.7188 -2.22477 -0.600227 2.37999 
5.73117 0.147955 0.412428 0.560726 -1.91578 -1.41059 0.000741347 0.314037 0.248757 1.45749 -1.69515 1.41579 -2.1873 2.22019 
0.855984 0.640548 -2.57015 0.760935 -1.0488 1.28145 2.89736 -0.62481 0.589477 -1.72792 -0.263946 0.135822 -0.174858 -2.28703 
5.06534 0.0961931 -1.82863 0.263798 -2.60456 0.822894 -1.98025 0.612854 -0.034732 -0.587051 0.374981 0.603642 2.23558 0.649258 
4.71 0 -0 0 -0 -0 0 0 0.5 0 2 0 0 0 
3.39214 0.0958705 -2.1461 -0.677445 -0.642445 -1.54993 2.21559 -0.28526 -0.0896622 -0.308754 -1.76734 -0.272886 1.18165 0.284607 
3.96463 0.529956 -2.55068 -0.175526 -2.93625 0.626212 0.082164 -0.0110081 -0.12092 1.78398 -0.803808 2.2374 -0.543939 -2.49161 
2.08834 -0.411604 2.0197 0.766416 -2.85788 1.16125 -0.960054 0.439131 -0.00637488 1.20448 -0.755278 -1.33509 1.04121 0.867792 
0.873862 -0.667753 1.45098 2.90186 0.840443 -0.0524069 -0.122915 -0.173846 -0.0566691 0.766561 -1.04706 0.195043 0.346613 -1.48734 
5.09226 -0.838851 1.38168 2.06925 -1.62838 1.58394 1.35989 -0.354094 0.287559 1.84182 -0.84466 -0.219042 -0.163026 1.0848 
4.79705 -0.62414 -2.44785 2.68076 -0.168541 1.04569 -2.99019 0.30895 -0.614031 0.766626 0.323271 -1.99465 0.697137 1.75476 
3.49716 -0.604642 -2.66689 0.81475 -1.19798 -0.0766733 0.104277 -0.027396 -0.135571 0.648772 1.89532 1.72658 -0.501912 -2.32552 
4.13458 1.64705 0.367701 1.65204 0.458647 0.413149 0.631811 -0.291098 0.224982 -1.98046 0.359691 1.39418 -0.245986 1.41839 
3.61284 -1.27951 1.01078 1.98097 0.834827 -0.608949 1.35883 0.0205671 0.115476 -1.34323 -0.431785 0.920823 -1.25897 0.697918 
1.79155 -1.7768 1.04723 0.872096 -2.99408 1.49482 2.98274 -0.548163 0.185525 0.958036 -0.025087 2.34995 0.812486 1.25236 
0.650275 0.161204 -2.11022 -0.388822 -3.91526 -0.650866 -0.188569 -0.54578 -0.117055 -0.495371 0.36073 -1.76537 -1.25843 -0.743328 
3.06638 1.86556 1.15867 2.01646 -0.125209 1.26236 -1.63056 -0.0684559 0.122898 1.78021 0.350908 0.708903 0.441004 -1.53882 
4.71 0 -0 0 -0 -0 0 0 0.5 0 2 0 0 0 
1.65912 0.573151 0.91242 3.08868 -2.91805 -0.32847 -2.66263 0.301101 -0.0681192 0.631965 -1.1985 -0.203891 0.450981 1.91493 
4.53174 -1.19985 -0.608955 1.94974 -0.56865 0.377481 0.405361 -0.670544 -0.516301 1.00719 0.738549 -0.300863 -2.15519 -1.03327 
2.24558 -1.77111 2.22394 -0.427005 0.128046 -1.59038 0.758083 -0.336653 -0.590342 0.0215387 -0.935232 -1.00013 0.812075 2.4205 
5.4725 1.5267 1.86031 0.763888 -4.64477 -0.314379 -1.78611 0.0239765 0.544233 1.84492 0.910982 -2.00601 0.119038 1.8469 
0.942597 -0.622359 -1.45304 -0.214172 -0.695498 0.286093 -2.33291 -0.270525 0.317055 -1.77011 -1.15738 1.30374 2.47707 0.847945 
4.44727 1.73455 -1.51612 1.97651 1.21083 0.632201 -1.7763 0.415248 0.0784742 1.89108 1.48588 1.66994 0.122203 2.33738 
5.30583 -0.972836 -1.6673 -0.241046 -3.31024 -1.08201 -0.328659 -0.0412159 0.495582 -1.14632 1.62947 -0.490751 -1.03492 0.0211813 
2.93866 0.0778157 0.055148 1.90064 -4.23588 -1.48639 -1.37315 0.439507 0.326871 1.37064 -0.0138096 -1.1 1.9109 1.9801 
3.65897 1.71564 -2.76734 0.0723195 -3.85883 -0.545309 1.69272 0.603445 -0.693887 1.45528 1.70771 -0.466232 2.24305 0.849212 
5.18714 -1.88217 -1.61107 -0.178336 -4.17553 -0.190388 0.0178432 0.30058 0.484914 0.398192 1.57794 0.972089 0.389224 2.24687 
2.22475 -1.57421 -0.0753519 1.98394 -4.61464 1.22429 0.360932 0.0985988 0.743632 0.0239549 -1.20202 0.693454 0.7833 -2.04435 
4.71 0 -0 0 -0 -0 0 0 0.5 0 2 0 0 0 
1.0084 -1.89217 1.84546 -0.0617127 -4.00962 1.13957 0.84546 0.643436 -0.729154 1.84975 1.98125 -0.055687 -2.13525 -0.320265 
3.27039 1.0651 1.24589 -0.672529 -1.49788 -0.111707 2.69221 -0.641599 0.440175 -1.74896 -1.90493 0.602331 1.12086 -0.930751 
0.968691 -1.49878 -1.6826 2.30437 0.0887074 0.253537 1.8433 -0.667087 -0.118768 0.461982 -0.444616 0.197834 -1.65458 0.53463 
0.874018 0.340304 -0.51318 1.4986 -2.50253 1.32657 -2.77628 0.274602 -0.702286 -1.676 -0.632124 2.4272 -0.617854 2.30113 
2.42793 -0.268673 2.42759 -0.0565928 -4.75516 -1.34595 -2.86951 0.188478 0.125904 0.394603 0.578066 -0.138181 -1.93814 0.736379 
4.71 0 -0 0 -0 -0 0 0 0.5 0 2 0 0 0 
3.18951 -1.19241 1.41735 0.752784 -4.38768 -0.158847 -2.79986 0.605999 -0.328313 -1.67065 0.553681 1.98472 -0.135419 2.32942 
1.33152 -0.896594 -0.29962 1.98045 -1.58048 -1.44184 1.9804 0.34493 -0.143332 0.320731 -0.527822 2.32763 1.1268 0.723311 
1.22892 0.230965 0.198942 1.16196 -1.20123 -0.419475 0.0393981 0.0272817 -0.261452 -1.98335 -0.616507 -2.06057 -1.41662 -1.6885 
4.9481 -0.80535 -0.0645104 -0.392993 1.16868 -0.00626565 -2.42816 0.46728 -0.463541 0.780739 1.84697 1.38786 2.29442 1.12178 
3.15431 -1.98767 1.84135 2.84919 -1.95842 -0.407714 1.95701 0.698567 -0.0510967 0.920633 1.94727 -0.362166 2.15621 -1.01229 
3.68199 0.160761 -1.46872 0.00222785 -3.88825 1.05619 -1.67874 -0.303308 -0.643616 -1.63647 0.573068 1.87438 1.06847 -1.98141 
3.41447 -1.74 -2.1093 0.35901 0.650959 1.01191 2.52897 -0.391578 -0.210712 -1.35012 0.837143 2.17124 0.813199 -0.241494 
3.76978 1.94158 0.148783 -0.689479 -3.54763 -0.113935 2.15123 -0.273416 0.0707472 1.55544 -1.09307 -0.00232688 1.365 1.6606 
4.63348 -0.268054 -1.36989 1.02939 0.236773 1.53601 -1.7542 -0.310269 0.348849 -1.24151 1.38586 -0.0612569 0.210785 -0.00330006 
5.10416 0.276286 -1.65638 1.57983 -1.19882 1.32701 -1.17758 0.096451 -0.259836 -0.653768 1.91091 -0.00417343 -1.54354 -1.09366 
3.48151 -0.232249 0.950475 -0.153158 -2.01063 1.53432 -2.01408 -0.249769 -0.590163 0.082829 -0.18806 2.09857 1.92215 -1.60707 
2.11931 0.457316 -2.57536 0.571724 -0.117558 1.30509 2.87911 -0.177306 0.357045 0.389442 -1.3339 -1.44944 0.163516 1.1088 
4.71 0 -0 0 -0 -0 0 0 0.5 0 2 0 0 0 
2.13008 0.254666 -1.77115 1.53829 0.93403 -1.05087 1.04543 -0.198509 -0.698757 1.66505 1.202 -1.07265 -2.47344 -0.812 
1.14509 0.111084 1.37591 2.82047 -1.74123 -1.41391 1.46736 0.248532 -0.728179 0.628493 0.0712551 1.91192 -2.44962 -1.16813 
4.76463 -0.687823 -1.40415 2.39936 -1.44307 -1.26732 -2.50814 -0.0432951 0.588728 1.95034 1.27179 -2.26173 0.721975 -0.452707 
2.96149 0.164649 1.06392 2.81259 -4.65132 -1.48202 -2.05442 -0.0398654 -0.669781 -0.563573 0.113079 0.320737 -1.20761 0.0267536 
3.36327 0.564111 1.55316 -0.429369 -1.4979 1.43179 -2.11824 0.376476 -0.308349 -0.907949 1.11455 0.565183 -0.04433 -2.15856 
2.72977 -1.96829 1.09752 2.42386 -2.55598 -0.161843 1.73739 -0.358037 0.145339 0.822473 -1.74579 1.27593 -1.09192 0.756715 
3.37493 -1.39172 0.017158 1.0392 -1.44915 -1.06944 -0.926513 0.1284 -0.200906 -0.552683 -0.45085 0.973162 0.0469683 -0.964745 
1.39922 1.09531 -0.32219 0.876046 -0.747288 1.07323 -0.861131 0.332134 0.0639464 0.560908 1.22829 -0.54826 -1.62353 -0.3029 
5.21368 -1.54801 2.34642 0.345852 0.766476 -0.96781 0.728562 0.0398601 0.447397 -1.91833 0.496227 0.778744 1.72667 0.672846 
2.79235 -1.82335 -0.233415 2.34855 1.1357 -1.42349 2.31843 -0.59727 0.0473146 -0.150918 -1.06836 -2.43468 1.59063 -0.281017 
3.9112 1.54147 2.79204 0.550585 -4.51898 1.40845 -2.62446 0.541899 0.445965 -1.11577 1.39105 2.43125 1.29962 2.0275 
4.26553 -1.61516 1.28237 2.13654 -3.74449 0.44386 -1.36355 -0.648381 -0.215568 0.0123448 -1.92082 -1.40075 -1.98573 0.0955742 
3.96658 -1.45282 0.358066 1.72561 -4.40404 1.07692 -2.59946 -0.28213 0.195244 0.72619 -1.3291 1.74657 0.326968 0.00306416 
2.76352 -1.26368 0.451389 1.03989 -1.21677 0.310451 -0.942079 -0.591435 0.184292 -1.36305 -0.575605 0.446563 1.40171 0.0726687 
1.81645 -1.52208 -1.91598 0.923511 -0.439462 -0.571724 -0.100659 0.458658 -0.324444 0.596811 -0.589365 1.86131 1.03723 2.4009 
3.40517 -0.737753 -2.56322 -0.842601 -2.17763 0.862354 -1.3772 -0.106572 0.171548 -1.06719 0.984908 -2.05236 0.00973832 0.55209 
1.15231 -1.30441 -0.453587 -0.764978 0.94739 0.39008 -2.10949 -0.659823 0.0727246 -0.905384 0.388064 -1.2612 -1.16352 0.65961 
4.71 0 -0 0 -0 -0 0 0 0.5 0 2 0 0 0 
5.63674 -0.629062 1.98938 0.54659 -3.96412 0.318477 -1.7309 0.0327063 -0.152426 0.850138 0.153076 2.48809 -1.51183 -2.33154 
3.73679 -0.530689 -1.32217 2.41156 -1.7174 -0.16662 2.83998 -0.651602 0.699391 -1.62938 -1.42262 1.28497 -1.42383 1.53259 
1.63539 -1.7976 1.24247 1.14683 0.113946 0.785868 -1.85031 0.347546 0.22781 -1.79426 -0.630729 1.98227 -1.10148 0.301087 
1.51265 -1.15876 1.96711 2.95709 -2.32821 0.178658 -0.385912 0.649424 0.0282753 -0.933698 0.263996 -1.41171 -2.39344 -1.27741 
4.7925 1.1103 1.7675 1.82802 -0.41801 0.488164 -2.1182 0.353004 -0.540267 1.66056 -0.367406 -0.112137 -0.265717 0.371345 
4.71 0 -0 0 -0 -0 0 0 0.5 0 2 0 0 0 
5.72349 -1.43637 -2.43715 0.861652 0.887591 -1.36945 -0.490447 0.310935 -0.135301 -0.920922 0.141613 0.480196 1.78511 0.957894 
0.66313 0.0390466 2.63235 -0.470536 -0.440453 0.827733 -2.25538 0.686387 0.0487475 0.742003 -1.19946 0.711619 2.3635 2.18908 
3.95087 -1.29815 -0.942841 1.21767 -1.34312 -0.704701 1.96921 -0.592101 -0.0828852 -1.65653 -1.99993 2.00517 -1.31893 0.371126 
4.10504 1.7105 0.114951 -0.093404 0.452409 0.134801 0.031747 -0.152489 0.241287 -0.0380791 -1.60407 -1.21666 -0.860475 -2.04432 
3.63927 0.0204498 0.763211 1.40364 -1.6095 0.233241 1.51242 -0.105811 -0.0741218 -1.30566 0.70489 -0.278329 0.555806 -0.352655 
4.71 0 -0 0 -0 -0 0 0 0.5 0 2 0 0 0 
2.03791 -1.43667 0.548156 0.446763 -4.63704 -1.54842 -1.61234 0.136199 0.473593 -1.7185 0.819628 1.65584 1.65761 -0.656486 
2.41048 0.707163 -2.4647 -0.347124 -0.78234 -0.148375 0.975909 -0.242144 -0.219391 0.931874 0.248879 0.350029 -2.31759 1.33724 
5.07017 0.917875 -2.0813 1.65334 0.564728 -1.57929 -2.36153 0.129378 -0.244335 -1.86576 0.537904 -0.375425 1.79357 -2.06787 
2.70387 0.235614 -0.31431 0.81297 0.636403 1.47755 -1.26364 0.0901403 -0.0970668 1.43346 -0.0568587 -1.61098 0.0803199 1.87183 
2.91026 1.06283 -0.859188 0.837237 0.708524 -0.98076 -1.75939 0.0368762 -0.0785729 0.81947 1.52278 -1.85049 0.397367 -0.665272 
4.53418 -1.97378 1.83205 1.29249 -2.35561 0.450095 2.49076 -0.658321 -0.0947254 1.80506 1.99455 0.0954413 0.4258 -2.45454 
1.18196 -0.211144 1.98354 1.88925 -4.61783 0.618767 0.128973 0.00119406 0.722964 1.35433 1.28458 -2.38894 -1.38315 1.84958 
1.26704 -0.353021 0.74763 2.43053 -0.562847 0.58241 -1.03422 0.175962 0.105304 1.09452 -0.0621202 0.519991 2.46951 -0.320088 
4.45053 -1.73429 2.7712 2.56195 -0.443217 0.714518 -1.14477 0.325583 0.138427 -1.9332 -0.249209 -2.07935 -1.81516 -0.156572 
3.92645 0.103473 -1.21951 2.53379 -0.325716 -0.925386 -0.370236 0.69115 0.555034 1.53788 0.242096 -1.44795 2.13041 -0.218452 
5.53223 -0.435893 1.03524 0.757439 -0.944759 -0.60213 -2.80347 -0.0547335 0.703882 1.18569 0.311451 -0.772542 -0.357364 -0.11075 
5.30193 1.76485 1.14522 -0.786489 -0.986258 -0.911144 -2.92938 0.737483 0.00389141 -1.64846 1.89053 1.84428 0.998265 1.5877 
1.8931 -1.29547 -0.90468 0.332971 1.15038 -0.751544 -0.329612 -0.519923 0.203407 0.000286671 1.42624 1.04772 -1.9518 -1.0875 
4.10155 0.803554 2.0765 0.187285 -1.33332 1.58666 -0.982675 0.192496 -0.523149 -0.660893 -0.797466 -0.795173 -0.498588 1.52266 
2.38768 0.126355 -2.73579 1.59718 -2.09297 -0.15535 2.16597 -0.558394 0.594295 1.20566 1.81659 -1.32638 0.689341 -1.98388 
5.21182 0.990029 -1.55069 0.931072 -2.15017 0.0334637 -1.28311 -0.591728 0.66437 0.809177 -0.0372026 0.995622 -0.691374 2.3055 
0.867077 -0.792007 2.72187 1.5342 -3.68315 -0.097845 -1.64281 -0.242397 -0.139598 -1.83756 -1.9269 1.03845 -0.284543 1.52673 
5.31985 1.70988 1.44734 2.31742 -0.774575 1.44352 0.749484 0.46099 0.503839 0.831301 0.426236 0.840188 0.421729 -1.68445 
1.3906 1.03455 1.90254 0.197416 -0.511954 -1.35138 -0.0250581 0.0975181 -0.613044 1.07099 1.00144 0.62296 -1.91041 -1.63575 
2.45114 0.098894 -0.942852 0.760213 -1.90398 0.9675 -1.647 0.726408 -0.241695 0.252179 1.72977 -2.20043 -1.31302 1.05877 
2.13171 0.610736 -2.12196 2.83238 -3.96984 -1.4927 2.34567 -0.607258 0.236153 1.88586 -0.0354332 -1.28999 -1.23183 2.28977 
4.94368 -1.17183 -0.728728 0.132889 -0.314984 1.37516 -0.688627 -0.399404 -0.243743 0.876079 -1.78978 1.70613 -2.02963 2.21583 
1.88455 1.57812 -0.912178 2.26775 0.537187 -1.07897 -1.14774 0.444682 0.507232 -0.535696 -1.17293 1.81527 -2.26892 2.25643 
3.20737 -0.0476993 2.56591 2.12354 -2.7354 -1.07581 1.20711 -0.149179 0.198812 -0.826793 -0.0285486 -0.177547 0.277869 2.07201 
1.1823 -0.715295 0.341882 2.99894 -4.14815 -0.22037 1.02918 0.355364 -0.429165 1.83533 -0.00495245 -1.10603 -0.301016 0.658128 
4.38987 -1.7702 -1.10351 0.784016 -4.39919 0.268705 0.846348 -0.535314 -0.288929 -0.00154047 -1.65208 -1.95889 0.817222 2.15399 
1.565 1.90047 2.6545 2.64303 0.665768 1.54747 -2.8943 -0.189187 0.610267 -1.44229 1.76467 1.22332 1.0363 -1.35816 
2.77134 -1.80843 -0.294813 2.34151 -4.49964 1.51699 0.792198 0.240232 -0.337875 -1.74342 0.412905 -0.515271 0.59375 1.03408 
4.65145 1.5007 -2.35697 0.596286 -3.25335 0.340718 2.17752 0.553203 -0.381384 1.60575 1.31374 1.40574 -1.87188 -2.35511 
5.14657 1.63904 -2.23567 0.46589 -0.820369 1.17175 1.25173 0.680069 0.17663 -1.00448 1.95978 -0.897845 1.63934 -2.34129 
0.705032 -1.77839 -0.0796228 1.08837 -4.66363 -0.270049 0.538529 -0.235487 0.0261671 0.846536 -0.0812779 2.01618 0.749755 -1.76831 
4.71 0 -0 0 -0 -0 0 0 0.5 0 2 0 0 0 
3.34988 -0.470964 1.64734 -0.113731 0.450129 1.3219 1.68307 -0.386337 0.0762233 1.51497 -0.886814 1.30484 0.156879 1.6536 
0.691541 -0.32139 0.0149818 2.49284 -3.99457 0.0309376 -0.566377 0.395427 0.687865 0.792988 -1.70727 0.973588 -0.459707 1.39793 
1.87017 -0.0481093 -1.51409 2.0933 -2.41534 1.43281 -0.650253 0.187648 -0.150999 -0.411888 -1.09645 0.431924 0.0962693 0.862646 
2.63691 1.30684 1.63683 1.27092 -2.38783 1.10867 -1.81726 0.56667 0.626337 0.0567064 -0.637464 0.0976324 -0.164353 -1.00795 
3.27728 -0.841173 1.89525 -0.821562 -0.816364 0.952598 -1.73691 0.0414198 0.101122 -1.80437 1.15298 0.431091 -0.593012 -1.00459 
3.29604 1.85647 2.02 -0.151517 -3.12486 -0.109023 -1.13063 0.0224393 -0.165573 0.379655 -1.45585 -1.26326 1.22245 0.689567 
1.22039 -1.07454 -2.15242 1.38229 -1.0131 1.31873 -1.98949 -0.396735 -0.314733 1.26383 -0.0823201 1.60999 2.45366 -2.17989 
4.98585 1.12447 -2.06423 2.76741 -0.721759 -1.39256 2.89374 -0.297108 0.737942 -1.01071 -1.90916 -1.47283 0.987363 -2.38196 
4.1381 -1.15408 2.2649 1.84219 -0.209331 0.806642 -0.243359 -0.32623 0.0681578 -0.849115 -0.227772 2.37785 -1.89134 -0.0333429 
5.14251 -0.566926 -1.80964 1.39125 -3.71129 -0.42971 0.689166 -0.609053 0.224109 0.468894 0.730269 -2.17232 2.47014 0.527101 
4.43253 0.484099 -2.39606 2.21161 -0.974745 -0.212181 -2.57563 0.405011 -0.274783 -1.18083 -1.09362 -1.87303 1.95898 -1.69082 
2.76934 1.45625 -2.2237 2.05324 0.166277 -1.41479 1.04996 -0.244769 0.435252 0.144614 -0.66117 -1.64669 1.57982 2.14298 
4.65523 0.0452469 -1.28114 1.9307 -2.54021 0.110949 -0.196305 -0.10158 -0.456305 -1.67344 1.55225 1.74694 -2.22641 -0.189995 
4.30573 -1.67205 -2.35189 0.404957 -1.27034 1.11597 -1.02311 -0.337084 0.324238 1.89362 -0.28755 -0.197739 1.97202 2.00122 
1.7698 1.25497 0.464804 1.09085 -3.38985 -0.705712 0.786687 0.435868 -0.118877 1.31572 1.83545 0.949297 -2.47753 1.539 
5.16911 1.25757 -0.676172 -0.591024 -4.34018 0.189469 0.152595 -0.164496 0.605659 -1.22677 0.724004 -0.249895 2.18054 0.740639 
4.35236 0.1898 1.62413 2.3447 -0.176257 -0.0632563 1.17546 -0.119074 -0.396451 -0.543416 -1.32641 0.562576 2.45192 0.231478 
4.55763 1.30591 -0.605074 0.99581 -2.61205 -0.473147 2.60113 -0.00541419 -0.218289 -0.844325 0.340972 2.4967 -0.927329 0.257506 
5.18077 0.367298 -2.77847 2.3774 -3.75758 -0.626981 -2.40101 -0.68445 0.546098 -0.408566 0.825769 0.467687 2.36286 1.48408 
0.602841 1.85246 -0.980168 1.14142 -1.18826 -0.426218 1.27036 0.570082 -0.48367 0.602117 -1.22134 2.45339 2.45004 -1.7986 
4.93583 1.52649 -2.37774 -0.634593 -4.6712 -1.31088 1.36602 -0.45562 -0.196387 0.752339 -1.94652 -0.0173542 0.894188 2.49227 
4.8818 0.508829 -1.60339 0.809769 -0.850982 -1.52475 -1.30955 -0.0659676 -0.313904 0.299831 1.74739 -1.88179 -0.463121 1.22032 
3.66127 0.668557 0.678579 -0.395214 -4.20106 -1.18689 0.566002 0.639327 0.528082 0.141356 1.89575 -0.266409 -1.73028 1.16351 
4.84117 0.767834 2.7258 -0.132273 -4.75754 -1.58067 -1.72195 0.0632264 -0.0919061 0.596365 1.09759 -1.40464 -2.20148 -1.46689 
2.65725 0.723724 0.455761 -0.0602648 0.91386 0.520215 1.70228 -0.651082 0.468708 -0.859268 -1.00569 -1.66652 0.699511 -0.491294 
5.37534 -1.64179 -0.677042 2.01719 -2.15122 0.852393 2.37467 0.736095 -0.0695606 0.15987 -1.21435 -1.87073 1.06706 2.40661 
0.809648 -1.52782 1.29971 -0.108109 -2.7907 -0.605165 -1.28819 -0.365141 0.359954 1.74204 -0.878318 0.662319 -1.87449 1.74269 
0.816358 1.64168 -0.80226 0.837922 0.621786 -1.11356 0.717057 0.734371 0.356288 -1.52816 0.880838 -1.94786 0.729137 -2.25324 
4.35984 -0.468382 -1.28861 1.94542 -3.25616 -1.32457 -0.309063 -0.445914 -0.206472 -0.308428 -1.03252 -2.07557 -1.39077 1.37305 
3.54224 0.599426 1.39605 -0.39053 0.223 -1.52291 0.954011 -0.622601 0.294487 0.753849 -1.20487 0.806394 0.863887 -1.0747 
3.22738 0.719465 -2.78547 2.62528 -0.245834 -0.210497 2.85806 0.515133 0.715226 -0.254235 0.745863 -1.27563 -2.33145 0.905676 
1.03369 0.573976 -0.79008 -0.24775 -2.68777 0.609665 -0.442677 -0.298097 -0.0921688 -0.292013 -1.87554 -0.639188 -0.134707 -0.43724 
4.55591 1.17292 -0.897495 3.0376 -2.86607 -0.222713 1.34287 -0.507827 -0.720298 0.792657 1.082 -1.60748 -2.21622 -0.334702 
4.62208 -0.904081 -2.02929 -0.318714 1.1864 -0.135143 0.551599 -0.198569 0.238964 0.879338 0.532158 -0.157656 1.95977 -1.85123 
1.92169 1.70263 0.536272 1.72807 -0.80563 1.11695 -2.77481 -0.685102 -0.418374 0.369211 -0.714529 -0.580087 2.3444 1.21909 
3.8564 -1.2311 1.74699 2.01073 -0.832276 0.668966 1.40551 -0.644954 0.0697322 -1.13077 -0.0382 -0.236637 1.25041 -0.146587 
4.92795 -1.94764 -0.812068 2.50614 -2.98564 1.2513 2.54623 0.636046 0.157153 1.13372 1.42904 0.997442 0.0813684 0.937577 
3.21894 1.20149 -0.702046 -0.841351 -2.01841 0.841386 -1.52029 0.316083 0.0471937 -0.61791 0.3355 1.57301 0.517936 -1.31148 
3.59006 -1.22463 -0.352971 -0.0342682 0.0943656 0.474807 2.98242 0.266923 -0.612612 -0.931556 -1.79726 -1.90278 -2.45602 -1.92703 
2.34532 -1.04687 2.30684 1.26432 -0.914576 0.264539 -2.29516 -0.681614 0.458264 0.146219 -0.782266 1.24632 0.128037 -1.79183 
4.71 0 -0 0 -0 -0 0 0 0.5 0 2 0 0 0 
3.11151 0.540223 -2.54326 0.0320791 -0.397982 1.33497 -0.328943 -0.1614 0.593148 1.77302 0.0854301 -2.16321 0.586728 1.2481 
4.78654 -0.103759 2.01724 -0.155716 -1.35788 -0.961322 2.75201 0.25625 0.595956 1.51987 -0.568761 -2.23319 1.82689 -0.571518 
2.37709 -1.92368 2.65691 2.7923 1.03641 1.30939 -2.6806 0.312784 -0.459214 -0.265677 -0.69766 -1.09064 2.17377 -2.33686 
2.19565 -0.571744 1.09721 2.09874 -3.78655 1.48264 -1.51676 0.0810639 -0.29869 1.85639 -1.68306 -0.423468 1.24743 -2.30105 
1.82333 -1.29326 0.778391 -0.276911 -2.61683 -1.41532 1.58778 0.312479 0.696073 -0.348221 1.97387 0.632356 0.763723 -2.03518 
0.826155 -1.70227 -2.53301 0.9204 -1.91936 -0.277636 2.80421 -0.383119 -0.471774 0.854823 -0.37617 -2.38003 -2.12301 1.47615 
5.1375 1.68689 -0.217895 2.37227 -4.12314 0.0189798 -0.365735 0.254649 0.283915 -0.826435 -0.191008 0.924584 1.56345 1.91963 
4.93333 -1.73917 2.45901 1.91467 0.475119 -0.502637 1.78293 -0.644137 -0.665556 1.16648 0.764875 1.18599 -1.50873 -2.37091 
5.71884 -1.46816 -0.77896 -0.00906711 -4.59306 1.35497 -0.332699 -0.43818 0.590649 -1.93875 0.315866 -0.662967 -1.64878 0.208323 
3.40424 -1.24791 -0.586301 0.192132 -3.09729 -0.240563 2.10344 0.209233 -0.106844 -0.114452 -1.667 -2.14596 1.91308 0.00704952 
4.92289 -1.93051 2.03613 -0.422717 -2.40132 -0.139767 0.765514 0.0787468 0.266245 -0.639512 1.68426 0.68281 2.09851 2.29592 
4.70991 -1.29511 0.288672 1.12924 -1.03673 0.177528 0.635303 -0.435662 0.193949 -1.67529 -0.90342 -2.48583 1.24117 -1.9594 
4.4403 0.245544 1.70038 2.54862 0.545477 -1.21973 2.48838 0.078115 -0.662612 -0.177736 1.17651 1.15063 -0.922726 -1.81624 
4.0958 0.433659 1.75196 0.877909 -3.82907 -1.34923 1.87379 0.468062 0.289133 1.18777 1.41173 1.01739 0.207528 -1.20976 
4.56579 0.674288 0.430684 2.43499 -4.16013 -0.527667 1.94491 0.642741 -0.186737 1.14075 1.49393 -2.05086 0.841736 -2.34678 
2.9734 0.855105 0.887728 0.869153 -3.86426 0.253567 -2.75671 -0.698661 0.0542086 1.11887 0.398479 -2.44892 -0.847573 -2.09257 
3.73309 -1.45546 -2.0758 -0.0172749 0.0564871 -0.0166367 1.505 -0.128609 0.568533 0.991637 1.6202 -0.187568 0.457499 0.26126 
2.93789 1.77481 -1.29212 1.13039 -4.15325 -1.08099 0.131396 -0.465483 0.251742 -0.715086 -1.49465 -1.90926 -1.57883 0.966501 
4.71 0 -0 0 -0 -0 0 0 0.5 0 2 0 0 0 
4.47232 -0.994857 0.323895 2.67508 0.153449 -1.36186 0.32235 -0.435382 0.460536 -1.768 1.13801 1.4638 0.811323 -1.41412 
3.75059 -1.04645 -0.155835 -0.303521 1.07147 -0.829355 -2.2588 0.497905 -0.196575 -0.658646 0.0761582 0.717906 2.02085 -1.87111 
3.46082 -0.144427 -2.12651 3.03516 -2.10784 -0.158053 0.879414 0.18751 -0.621575 -1.86754 -1.32908 1.82696 -0.194723 -1.30142 
4.62319 1.40244 1.23048 -0.219611 -2.25477 -1.00077 2.94527 0.141415 -0.404453 1.42569 1.84657 0.552881 0.38681 -0.172578 
1.34146 -1.76143 -0.122314 1.11125 -3.55533 1.53969 -2.09534 0.735398 -0.523933 0.737063 -0.0577292 1.48558 1.03923 2.32635 
5.34823 -0.518593 -2.32639 1.39777 -1.73011 -1.57934 1.40055 -0.206204 -0.313504 1.40136 -0.885841 0.342431 1.66598 1.38591 
1.10237 -0.33459 0.838482 1.07151 0.912767 -1.10329 1.14822 -0.178432 0.466012 -1.20395 -0.173678 1.87968 1.54643 -0.731366 
3.9881 0.0347144 2.33797 -0.823013 -1.93588 -0.522217 -1.23934 0.0418982 -0.249887 -1.10034 -1.44025 0.319675 -0.512468 1.65923 
3.90693 0.371308 -1.80234 0.340317 -2.75226 0.971511 -2.03761 -0.364851 -0.592269 0.53708 0.179321 -2.45697 -1.54063 -1.37512 
4.21252 -1.66699 -1.37269 2.45371 -4.52597 1.20685 -0.193986 -0.659111 0.352282 -0.192901 1.54393 1.32096 -1.86844 -0.357352 
2.82192 -0.337554 -2.39535 2.62822 0.772969 1.10944 -1.92906 -0.630774 0.628514 0.453123 0.427222 -0.0238011 1.727 -0.173169 
4.71 0 -0 0 -0 -0 0 0 0.5 0 2 0 0 0 
1.256 0.984903 2.15102 2.76952 -0.600339 1.31606 -0.817494 0.425054 0.236043 0.67716 1.37299 1.48309 -2.40881 -0.665068 
0.992372 -1.47078 -2.67152 0.384711 -3.67007 -0.533499 1.62761 0.00551565 0.126353 0.831618 0.844476 2.4621 1.23245 1.0685 
3.74586 0.514056 1.54738 1.18279 0.670676 -0.219138 1.67364 -0.433546 0.374906 1.14161 -1.39264 -2.21844 0.875001 1.3187 
3.4689 -0.0561479 0.332444 2.64317 -3.96519 -0.28101 -0.648837 -0.410088 0.521 1.65405 -0.939629 -2.45653 -2.02555 1.04129 
1.3896 -0.166564 1.63246 2.57355 -0.0863706 1.25337 2.83247 -0.134092 -0.64983 -1.18173 0.560722 -1.17037 0.800222 1.57129 
2.38788 -1.55244 1.25349 -0.42602 0.670789 -0.116348 1.93023 -0.349498 0.0998355 -1.93096 -0.957654 -1.22169 0.705795 0.543633 
4.63467 0.63095 -2.659 -0.0872033 -0.518548 0.451896 2.97295 -0.201454 -0.295647 -1.76342 0.772881 -0.708004 1.27681 -1.94257 
3.62548 0.26752 -2.11622 0.167664 0.763895 0.607129 -2.604 0.729832 0.14207 -1.95386 1.04755 1.37093 -2.05748 0.238096 
1.32053 1.43627 -2.44316 0.0540942 -1.57377 0.042378 -1.16508 0.617984 0.492735 0.49112 -1.38947 -1.93711 0.975095 -0.547214 
5.15091 0.550818 0.954039 2.42081 -0.180911 1.20891 -2.8307 0.60028 0.238978 -0.617492 0.587157 -1.23148 1.6489 -0.539289 
1.5138 -0.191954 -2.59832 0.954445 -0.664135 0.722825 -1.58555 -0.711645 0.511247 -0.450356 1.7368 -2.41177 0.817875 0.297361 
1.12579 -1.69177 -1.09009 0.948567 -1.88733 -0.79159 2.10678 0.338728 0.163782 -0.282128 -1.56758 -1.92701 2.24264 1.21725 
5.08524 1.96049 1.32755 2.60823 0.907695 -0.156208 0.304208 -0.566105 0.676053 1.89326 0.323629 0.428484 -0.835931 -2.49784 
4.5148 -1.74268 1.87949 -0.277492 0.932025 -1.2277 0.363289 -0.453661 0.275981 1.12038 0.432231 1.68819 -1.77335 0.921971 
0.998525 0.216474 0.894795 0.361874 -4.34607 -0.763507 1.49187 0.332524 0.317396 1.92008 0.619808 0.907144 -0.717162 1.95276 
5.47634 -0.362252 -0.806508 1.84454 -4.75486 0.228761 -0.0415138 -0.283072 -0.225545 1.45926 -0.109285 1.49444 0.464887 0.880843 
4.67557 1.93628 -0.0275491 2.52243 -3.86899 1.10429 2.84448 0.573547 -0.132548 1.60071 1.88739 0.0981351 1.61153 2.28961 
4.2609 1.88001 2.49925 2.0895 0.105955 -0.690874 0.589631 -0.187714 0.507854 -1.82188 1.22869 0.338921 -1.72917 1.29365 
4.5883 -0.754544 0.222842 0.148384 -1.82341 0.534862 -2.06368 -0.486416 -0.0121051 0.982118 -1.03586 -1.05739 -0.687218 -2.05905 
5.39352 0.919127 -2.1829 -0.567716 -0.0882329 0.298688 2.08943 0.164034 0.124367 0.134932 1.69574 0.0470123 -0.326353 0.361894 
1.65559 0.826015 -1.90229 0.046976 0.978604 0.815589 0.341794 -0.545667 -0.271184 1.10466 1.99774 0.768852 0.776063 1.93645 
0.592161 -0.925484 2.75113 1.63693 -1.36934 1.1495 -0.502965 -0.453546 0.631666 1.1353 0.750648 1.36611 0.559812 -0.709422 
4.74939 1.91391 -0.889363 0.175253 0.343627 -1.06945 1.70724 -0.718267 0.336506 -1.73191 -0.603753 -0.706438 -0.844723 1.67241 
4.23669 -1.11027 -1.67767 1.17132 -2.28988 -0.652602 -0.794326 -0.34282 -0.448561 -1.41031 1.21152 -0.46033 2.25292 -1.99473 
2.58485 0.923437 -2.21919 2.02725 0.572777 1.27828 1.92789 -0.560767 -0.0758517 -1.22486 0.998998 -2.07665 1.57146 -1.74798 
2.78003 1.74761 0.567252 1.89036 -3.96442 -1.08201 -1.84587 0.15512 0.734466 -0.937075 1.55133 -2.27276 2.22904 1.906 
4.09551 -0.903785 -1.87768 1.60425 -2.11801 0.020997 1.46383 0.387459 0.692309 0.0760242 -0.479405 1.31087 -0.38955 -0.461539 
0.964242 -0.691423 -0.973537 0.423215 -0.555316 0.498175 0.46573 -0.177002 -0.608592 0.582612 0.521639 1.28225 -0.732307 0.333742 
4.66546 1.27822 0.664435 2.39939 -4.39463 1.10214 -0.0623232 -0.700008 -0.478989 -0.253571 1.29617 -1.41501 2.37932 -1.64403 
1.5624 0.875603 0.522359 0.813926 -3.66115 1.18976 -2.91176 -0.734486 0.0926238 -1.58104 -0.247296 0.157254 1.71638 1.00927 
3.54556 -1.0813 0.608061 1.43044 -4.39076 -0.680652 -0.459554 -0.505629 0.427429 1.43028 1.29992 0.359242 0.757706 1.12305 
4.71 0 -0 0 -0 -0 0 0 0.5 0 2 0 0 0 
2.92222 -0.500187 1.04174 2.78896 -0.510311 1.20026 -2.15908 0.00673228 0.22783 -0.380103 1.42577 -0.858908 -0.673066 -0.282937 
4.83185 1.79566 2.45027 -0.820009 -3.82953 1.0212 -1.20133 0.286579 -0.371097 -1.32188 1.59535 -1.62213 -2.20411 2.09191 
0.89975 -0.905623 -0.995168 0.277798 -3.7228 -1.06752 -0.699217 -0.504428 0.247756 0.643765 -0.0938204 -1.96998 1.50135 1.99821 
4.05319 -0.405881 1.83759 2.80268 0.266323 0.643143 2.11313 0.0456142 -0.0484877 -0.2686 0.56118 -0.256659 -0.945859 -2.34654 
2.33756 0.337556 0.0337165 -0.190894 0.493976 0.239302 2.0761 -0.682728 0.105792 1.81671 1.03765 1.45269 -2.30363 2.2627 
2.81926 -0.882772 0.235762 0.0539943 -0.974354 1.14854 -0.837975 -0.281257 0.0473921 -0.110208 -0.775051 -2.3881 0.598884 0.662215 
4.15989 0.794752 1.93693 2.47891 -4.05909 -0.168205 -0.892272 -0.183766 0.306647 0.385418 0.188525 -1.64019 -1.82436 1.55405 
1.65504 -1.17056 -1.53554 1.1994 -0.655323 0.669553 1.0466 0.0429981 0.245509 -1.26725 -1.88302 0.666828 1.53857 1.75514 
1.57427 -0.124871 1.94479 0.512371 0.512531 0.843526 -1.74285 0.0627695 -0.381469 -1.6575 -1.75921 -0.859468 -1.35659 -0.956833 
3.90056 -0.69659 0.703106 0.496668 1.16563 -0.742138 0.447746 -0.273748 -0.218185 -0.543723 -1.1295 1.57307 -1.59235 -0.400477 
5.60232 -0.398321 -1.87397 2.06677 1.15352 0.624325 1.00076 -0.486116 -0.176779 1.69033 -1.22554 2.06619 1.21673 -1.05993 
1.23289 -1.44366 2.71356 0.331333 -0.916753 -0.417024 0.170147 -0.512614 0.36573 -1.7731 -1.38318 1.82973 1.24141 1.33773 
4.71 0 -0 0 -0 -0 0 0 0.5 0 2 0 0 0 
