-2.35881 4.27588 6.68466 1.80488 -2.40828 7.35447 -7.19632 0.40251 -0.369711 6.12532 -2.32866 -5.3367 
-8.2518 7.55063 5.78498 3.76556 6.03002 -3.31596 -1.58372 -9.72395 -9.03348 6.04491 4.16431 5.8767 
4.71895 9.44368 7.41377 1.10954 -3.2856 6.03748 -9.41029 3.72918 4.44601 -0.00822159 9.77216 -2.01191 
-0.67988 3.18028 6.16912 0.269247 2.36387 5.91776 3.3502 1.43825 -2.84334 -5.83568 -6.39871 4.54289 
2.63478 -5.40081 -3.14756 -7.37837 -6.48136 -6.52217 9.20907 -3.20179 -6.77905 -3.29707 -1.32937 1.58335 
0.640002 3.76777 -7.92892 5.27208 -3.62452 4.00227 -6.63432 5.11858 -1.3908 -3.64172 3.58021 3.79263 
-5.05413 -3.02862 -2.9298 9.57991 -5.67451 -7.85081 -6.11998 -1.62027 -2.2965 -1.83706 -6.80394 -3.12724 
9.49749 4.41891 8.72078 -4.76841 -8.62139 0.558495 -4.03361 0.281502 -5.59358 -4.40935 -3.21006 -4.11426 
-6.77401 3.08684 -8.07338 6.98573 2.9862 -9.87002 -4.14836 -6.45229 1.37258 -8.98389 0.0527272 7.37074 
7.0482 -9.68027 -8.01415 -6.972 -1.03853 -6.58044 1.4529 4.26966 -4.07318 -2.46457 6.66448 2.03862 
3.67712 -4.24647 6.79327 -9.07242 -5.56638 -0.695472 1.04591 -8.68044 1.92155 -1.35295 5.16301 2.14654 
-3.05973 4.45307 0.820595 9.89701 -7.45356 -5.89658 0.487297 9.53257 -9.00604 -4.64683 0.0352653 -7.06026 
3.39008 -2.33209 8.69965 -1.8022 3.57704 2.86712 8.7312 -7.0606 -5.22955 -9.38248 1.06561 -3.33159 
-6.98487 5.62807 8.82986 9.10152 -7.06076 1.66901 3.30003 4.11648 7.633 -7.55815 0.131593 -2.38894 
-7.0811 -0.793079 -9.24155 -6.88088 -8.88887 1.43441 1.01436 6.70481 9.72828 6.64358 -0.142875 3.82761 
-4.27184 7.99438 -1.85229 -3.18879 9.25335 -1.85404 9.34987 4.98956 -3.33455 -3.7987 -9.64309 7.34008 
-0.661659 -5.77955 3.76309 -5.75192 -1.72021 8.00182 -3.12039 -7.24565 3.09452 7.18671 -1.91856 8.34259 
0.67802 -3.89984 4.74539 8.46781 9.92637 -8.39634 -6.61988 8.18581 -3.16646 2.33365 9.07781 8.27112 
7.70067 -9.75404 3.4317 2.11335 -8.87668 5.46196 -8.67237 6.40579 0.243424 3.68101 8.65335 -8.53357 
5.84622 -8.26617 3.00752 1.01421 5.42597 -1.09278 9.04839 9.74565 9.99312 7.31616 -5.59975 6.93439 
-9.04299 -2.31141 6.4897 4.47713 -2.52289 -5.92651 0.539104 2.41236 5.59768 5.2169 2.60557 -1.61487 
-8.49586 1.5264 -3.19218 3.52629 -6.65601 4.03039 4.63101 5.87235 6.68642 -9.30658 -1.36187 2.77585 
1 0 0 0 0 0 0 0 0 0 0 0 
-9.0846 3.00961 -0.821856 3.94149 7.58397 8.02709 -1.41411 5.76845 -2.12237 -4.41063 4.92182 6.4322 
-4.88251 -7.20321 -0.0807097 -0.86775 -7.0669 0.589047 6.73069 0.957063 -1.00567 6.45429 3.34 -0.762753 
7.54235 3.70919 1.77866 -8.38308 -1.5779 -6.41131 2.07969 1.11437 8.91419 -5.62328 7.76758 4.48064 
-0.180722 1.42613 2.44722 0.618186 7.26043 -8.68485 -6.53788 7.63947 7.63322 4.91746 8.69267 -0.353787 
6.96536 8.51622 7.08186 -6.74356 -9.45586 1.54664 5.07426 -5.22251 -1.16401 -0.669282 0.434828 -8.84843 
6.44981 -0.0701232 1.22225 -0.713893 -7.15127 -8.50306 -6.82934 6.51221 -4.48528 6.73417 2.41007 -1.02006 
-2.53611 -1.37444 6.56941 -7.0523 -5.61037 -4.93711 -3.16467 -5.69481 2.35177 -0.169927 3.42816 4.33363 
-0.725286 5.8913 -6.68659 4.90544 -2.43338 -9.65656 6.90049 -1.56676 -7.00755 -3.21355 -9.47785 -4.16896 
9.3223 1.77295 -8.43119 6.36392 -1.4819 -8.27629 -0.479112 -7.97487 9.37236 4.53729 2.74372 3.67226 
2.12858 -1.32356 -5.84208 6.17625 -1.04249 4.14439 5.60916 -3.74885 -3.10456 -9.92619 -7.70644 -7.12507 
6.61492 4.11376 -2.14921 5.52099 -8.46534 9.90678 1.04485 9.26232 6.30906 9.76588 -4.2762 -3.90199 
5.70623 -2.97375 -3.38416 0.226885 -4.23996 0.459147 5.66135 -9.83473 -6.00186 2.99007 -2.05996 4.18202 
6.91392 -8.63305 6.79675 7.12513 -2.47643 7.13082 -1.94777 -1.01796 -8.54076 0.78372 4.95813 -9.50974 
9.62102 -3.52179 -8.98217 6.80577 -3.1971 2.35416 7.07344 -8.48709 5.89003 0.47906 -3.70569 8.70813 
-8.52983 -2.11037 -3.67138 -4.86334 5.96624 1.53424 -9.38761 -9.78727 8.34686 5.31106 -2.93467 -0.729417 
7.41769 -2.68993 -7.11209 5.38877 -9.07393 -5.74433 5.71029 3.65931 -1.39901 7.87432 -8.41973 -3.80625 
5.50032 -8.68794 5.96272 0.988532 0.398974 2.80087 -3.01933 -7.82882 -5.20828 -5.68715 3.06839 -1.51633 
-8.04677 5.94199 -9.14682 8.21918 1.61102 4.11671 -0.0285626 -6.7443 7.04143 -9.88872 5.68945 -0.363195 
1.32822 5.23879 -8.11014 -2.67646 5.35394 0.698007 -9.05152 2.98612 5.8355 1.78158 -2.70332 4.25208 
4.42265 -9.93019 -3.18065 -9.51833 -3.77012 -8.34163 3.62462 3.96884 -8.7411 -0.474804 0.743317 -2.01943 
-6.67625 -4.95198 -4.08889 6.7146 7.85931 0.167059 -3.27343 2.64119 2.89219 4.3002 -2.81118 5.45415 
1 0 0 0 0 0 0 0 0 0 0 0 
