0.5 0.5 0.5 0.5 2 2 2 2 
-3.85342 2.00662 3.70092 0.518837 -2.09908 0.688209 0.326963 3.96234 
1.42119 2.62577 -1.17641 -3.95642 -2.58426 -2.07383 -1.00257 -3.31326 
-1.68841 0.186082 1.42883 -2.15681 0.76181 -3.24684 3.28059 -3.33996 
-2.9365 -0.569147 -0.352603 -2.51463 -3.49329 -1.79991 3.46154 2.34194 
-2.55803 -2.87645 2.86208 3.64375 -1.99719 -3.24455 -3.5815 -0.715615 
0.329714 2.9131 -3.63848 -3.71136 -3.01612 -2.21167 -2.30745 2.84396 
0.271326 -0.787781 3.16763 2.98215 -3.72029 1.51123 -0.442092 -1.99747 
2.79272 3.57771 3.5341 3.34146 -1.92773 -0.905267 0.431979 1.26685 
-3.06393 -0.0859867 3.40795 -0.228325 0.966316 -0.874174 0.262451 -0.191932 
3.72467 2.96723 -3.4765 3.16369 -1.03747 -2.83091 3.70917 -2.00798 
-3.65967 -2.02299 -2.81391 1.93618 1.89861 -3.79384 0.818077 -3.8043 
-0.852914 2.29388 1.62779 2.31303 3.89671 1.63432 -3.6152 -1.10185 
-1.64206 2.25277 3.48729 -1.79058 0.674447 -1.38738 -0.411035 1.77305 
-1.54174 -2.42753 1.3142 -0.58448 -0.256351 -0.366101 1.68868 2.51388 
1.39827 2.2888 -3.30322 3.32637 -0.787863 -3.04924 -3.49775 -2.63833 
3.3582 1.76177 2.07508 0.400201 1.03706 1.48342 3.59322 -0.907193 
3.46447 1.68137 0.616567 0.0378016 2.56316 -2.19813 3.2634 -3.65759 
0.485037 3.29469 3.42614 -2.68247 3.55632 0.0475602 3.64726 -0.508539 
2.12797 -2.64626 -3.93398 2.69301 1.3494 -0.0932385 -0.609056 -0.506226 
-2.69454 -2.54784 -0.975449 2.10771 -0.4674 -0.13555 -1.50187 1.23159 
-2.13554 -2.38 2.13547 0.276079 -3.46994 -1.22579 -0.933673 -0.792739 
-0.745813 -3.50228 3.53705 -1.62336 3.30485 -0.449957 0.608682 -3.37195 
1.57755 3.73052 0.47191 -0.807227 -2.84085 3.18406 -2.48008 -1.30111 
3.46303 2.43896 0.866127 -0.953827 -2.79726 -3.44418 2.55752 3.77233 
1.14002 2.97686 -3.59671 -0.177062 -0.567993 1.96785 -0.973404 3.04609 
2.93791 -1.44965 -2.48057 0.294429 -2.31138 2.00276 -3.90696 -1.57393 
0.5 0.5 0.5 0.5 2 2 2 2 
2.83176 0.113564 -3.81481 3.15185 -3.22275 -2.22243 -0.65885 1.09835 
-3.53837 -3.07489 3.76494 -1.7356 -1.91862 1.42394 -1.64967 1.97275 
-2.01394 0.345189 -3.16367 3.15939 -0.596836 -0.100394 2.22734 -3.20962 
0.0856119 1.21947 0.537673 1.8275 -2.92791 -1.24578 -1.81686 -3.50423 
0.889485 -1.21587 -2.28739 -2.82913 -0.783376 1.86285 -3.34649 -2.88619 
-3.52609 0.625295 -3.20388 -3.67358 -0.999552 2.96265 3.2312 2.62329 
-0.380189 0.0963182 1.24383 1.05077 0.394857 -2.64672 -1.81604 3.69971 
-1.65182 3.15311 -1.55936 -3.81856 3.88001 2.26257 3.94415 0.341279 
2.20344 2.37457 -0.559794 -2.15182 3.25927 3.71255 -0.00464494 2.60424 
0.5 0.5 0.5 0.5 2 2 2 2 
0.645509 -3.08148 -3.64123 -0.770999 -0.172829 -2.46346 -2.96052 -0.975207 
-3.57569 0.868688 -3.73073 -3.6979 3.37124 0.927192 -1.99629 1.32822 
-2.72559 2.22167 0.0871331 1.39464 1.37538 1.21615 -3.26309 -0.528274 
-2.54372 0.573899 0.419909 0.27723 2.06996 1.11019 -3.30494 -3.91507 
2.34186 0.0329853 -1.89436 1.67271 -0.107221 1.1441 -1.28721 0.78026 
-1.64309 -1.5069 -3.67718 -2.7652 3.89549 -0.42848 -1.14666 0.964389 
-0.649955 -1.15149 -0.345447 2.28772 3.56863 3.22415 1.84186 -3.17481 
3.8259 -3.1574 0.847148 -3.12914 2.08393 -0.0827996 -0.567166 -1.27484 
-2.62418 -0.835572 2.01113 -3.82299 2.84879 3.94485 -3.5861 -0.376237 
-1.17379 -3.70253 -1.48834 1.02378 -0.232026 0.982915 -0.409326 0.935078 
-2.8907 -2.63658 2.89803 1.4597 2.9567 -0.644331 -0.868543 -3.17063 
-0.900708 -0.802984 1.61123 -1.02608 0.860914 2.34181 -1.96281 -2.42906 
-2.08931 -1.40486 -3.87626 2.62824 -3.68221 -0.169416 1.52315 -0.00331695 
-1.35532 2.50489 -3.52778 3.27213 2.04083 -0.593424 -1.93768 -3.98498 
-1.03531 -2.00484 3.78216 3.71522 -2.79983 -2.65326 0.406065 0.0305414 
2.78317 -0.215255 -2.93357 2.55535 3.45861 -3.47593 3.59276 1.71961 
-3.77161 -2.89828 3.65875 3.6069 1.29741 -1.14014 -3.46364 0.74487 
-3.34067 0.926321 -0.906761 -2.60832 -1.69733 2.15915 -1.38777 2.77996 
-1.76937 1.30128 -1.17053 1.27518 3.62269 2.91439 1.74142 -2.43884 
-0.886605 -0.868223 -0.911762 3.07755 -0.80735 2.17086 3.9989 -0.505725 
2.25346 -0.97161 -0.85045 -1.47563 3.21746 -0.379797 2.24645 -1.58831 
0.284489 -1.65616 -1.37759 -2.90468 -2.37928 -0.786154 2.85659 3.3817 
-1.53911 0.911616 0.0774909 -3.10958 1.21636 2.43963 0.703771 1.50373 
-1.24839 -0.447736 -2.8621 -0.227824 0.307955 1.00051 -1.69099 1.75815 
1.41771 -1.42547 -3.1253 -2.65718 -2.46075 2.16081 -0.519903 0.00577632 
3.7131 3.28245 -2.79086 -0.0475352 -3.77989 0.313007 0.627739 1.9114 
2.13471 3.00088 -3.33301 0.354562 3.26597 -3.55745 3.79924 1.93808 
0.5 0.5 0.5 0.5 2 2 2 2 
