1.57 0 0 0 0 0 0 0 0 0 0 0 
1.56615 -0.00720762 0.0125 -0.00144746 -0.00749888 -0.00652045 -0.154147 -0.288305 0.5 -0.0578983 -0.299955 -0.260818 
1.55459 -0.0288305 0.05 -0.00578983 -0.0299955 -0.0260818 -0.308294 -0.57661 1 -0.115797 -0.599911 -0.521636 
1.53532 -0.0648686 0.1125 -0.0130271 -0.06749 -0.0586841 -0.462441 -0.864915 1.5 -0.173695 -0.899866 -0.782454 
1.50834 -0.115322 0.190823 -0.0206785 -0.119982 -0.104327 -0.616588 -1.15322 1.39412 -0.124397 -1.19982 -1.04327 
1.47366 -0.180191 0.248028 -0.0254508 -0.182535 -0.161132 -0.770734 -1.44152 0.894116 -0.0664985 -1.15557 -1.10608 
1.43127 -0.249304 0.280234 -0.0273283 -0.232814 -0.209916 -0.924881 -1.24549 0.394116 -0.00860012 -0.855616 -0.84526 
1.38117 -0.304371 0.28744 -0.0263109 -0.268096 -0.245658 -1.07903 -0.957188 -0.105884 0.0492982 -0.55566 -0.584442 
1.32482 -0.345023 0.269646 -0.0223985 -0.288381 -0.26836 -1.09923 -0.668883 -0.605884 0.107197 -0.255705 -0.323624 
1.30654 -0.355584 0.257869 -0.0204036 -0.291867 -0.273117 -1.04669 -0.570621 -0.776298 0.12693 -0.153472 -0.23473 
1.30654 -0.355584 0.257869 -0.0204036 -0.291867 -0.273117 -1.04669 -0.570621 -0.776298 0.12693 -0.153472 -0.23473 
1.24841 -0.37397 0.220209 -0.0265571 -0.298481 -0.296335 -1.27824 -0.164833 -0.730072 -0.37307 -0.111093 -0.693955 
1.17871 -0.372067 0.184862 -0.0577106 -0.302976 -0.342513 -1.5098 0.240956 -0.683847 -0.87307 -0.0687135 -1.15318 
1.09743 -0.349875 0.151825 -0.113864 -0.305352 -0.411652 -1.74135 0.646744 -0.637621 -1.37307 -0.0263344 -1.6124 
1.00458 -0.307393 0.121099 -0.195018 -0.30561 -0.503753 -1.9729 1.05253 -0.591396 -1.87307 0.0160447 -2.07163 
0.900142 -0.244621 0.0926853 -0.301171 -0.303748 -0.618815 -2.20446 1.45832 -0.54517 -2.37307 0.0584238 -2.53085 
0.78413 -0.161561 0.0665824 -0.432325 -0.299767 -0.756839 -2.43601 1.86411 -0.498945 -2.87307 0.100803 -2.99008 
0.656541 -0.0582106 0.0427908 -0.588478 -0.293668 -0.917823 -2.66757 2.2699 -0.452719 -3.37307 0.143182 -3.4493 
0.517374 0.065429 0.0213105 -0.769632 -0.285449 -1.10177 -2.89912 2.67569 -0.406493 -3.87307 0.185561 -3.90853 
0.366629 0.209358 0.00214146 -0.975785 -0.275112 -1.30868 -3.13067 3.08147 -0.360268 -4.37307 0.22794 -4.36775 
0.204306 0.37029 -0.0147163 -1.20688 -0.262655 -1.5243 -3.36223 3.16064 -0.314042 -4.82312 0.270319 -4.10359 
0.0304058 0.518177 -0.0292628 -1.43553 -0.24808 -1.718 -3.59378 2.75485 -0.267817 -4.32312 0.312699 -3.64437 
-0.152861 0.645775 -0.041498 -1.63919 -0.231385 -1.88874 -3.62295 2.34906 -0.221591 -3.82312 0.355078 -3.18514 
-0.32822 0.753083 -0.0514219 -1.81784 -0.212572 -2.03651 -3.3914 1.94327 -0.175366 -3.32312 0.397457 -2.72592 
-0.492001 0.840102 -0.0590346 -1.9715 -0.19164 -2.16133 -3.15984 1.53748 -0.12914 -2.82312 0.439836 -2.26669 
-0.644204 0.906832 -0.064336 -2.10016 -0.168588 -2.26318 -2.92829 1.1317 -0.0829149 -2.32312 0.482215 -1.80747 
-0.78483 0.953272 -0.0673261 -2.20381 -0.143702 -2.34208 -2.69673 0.725907 -0.0366893 -1.82312 0.493557 -1.34824 
-0.913878 0.979422 -0.0680049 -2.28247 -0.120084 -2.39801 -2.46518 0.320119 0.00953618 -1.32312 0.451178 -0.889016 
-1.03135 0.985284 -0.0663725 -2.33612 -0.0985843 -2.43098 -2.23363 -0.0856696 0.0557617 -0.823119 0.408799 -0.429792 
-1.13724 0.970855 -0.0624287 -2.36478 -0.0792038 -2.44099 -2.00207 -0.491458 0.101987 -0.323119 0.36642 0.0294332 
-1.23155 0.936138 -0.0561737 -2.36844 -0.0619423 -2.42803 -1.77052 -0.897246 0.148213 0.176881 0.324041 0.488658 
-1.31429 0.881131 -0.0476075 -2.34709 -0.0467998 -2.39212 -1.53896 -1.30303 0.194438 0.676881 0.281662 0.947883 
-1.38545 0.805834 -0.0367299 -2.30075 -0.0337762 -2.33325 -1.30741 -1.70882 0.240664 1.17688 0.239283 1.40711 
-1.44503 0.710248 -0.0249474 -2.2294 -0.0228715 -2.25141 -1.07586 -2.11461 0.214775 1.67688 0.196903 1.86633 
-1.49304 0.594373 -0.0153643 -2.13306 -0.0140858 -2.14661 -0.844301 -2.5204 0.168549 2.17688 0.154524 2.32556 
-1.52946 0.458208 -0.00809244 -2.01172 -0.00741907 -2.01885 -0.612747 -2.92619 0.122324 2.67688 0.112145 2.78478 
-1.55431 0.301754 -0.00313189 -1.86537 -0.00287129 -1.86813 -0.381193 -3.33198 0.0760982 3.17688 0.0697661 3.24401 
-1.56758 0.125011 -0.000482621 -1.69403 -0.000442463 -1.69445 -0.149639 -3.73776 0.0298727 3.67688 0.027387 3.70323 
-1.57 0 0 -1.57 0 -1.57 0 -4 0 4 0 4 
