-1 0 0 0 0 0 0 0 0 0 0 0 0 0 0 0 
-1.00034 0.000108657 0.000871247 0.000959984 0.000766295 0.00125 0.000327882 -0.000259729 -0.0137275 0.00434629 0.0348499 0.0383994 0.0306518 0.05 0.0131153 -0.0103892 
-1.00137 0.000434629 0.00348499 0.00383994 0.00306518 0.005 0.00131153 -0.00103892 -0.0274549 0.00869258 0.0696998 0.0767987 0.0613036 0.1 0.0262306 -0.0207783 
-1.00309 0.000977915 0.00784123 0.00863986 0.00689666 0.01125 0.00295094 -0.00233756 -0.0411824 0.0130389 0.10455 0.115198 0.0919554 0.15 0.0393459 -0.0311675 
-1.00549 0.00173852 0.01394 0.0153597 0.0122607 0.02 0.00524612 -0.00415566 -0.0549098 0.0173852 0.1394 0.153597 0.122607 0.2 0.0524612 -0.0415566 
-1.00858 0.00271643 0.0217812 0.0239996 0.0191574 0.03125 0.00819706 -0.00649323 -0.0686373 0.0217314 0.174249 0.191997 0.153259 0.25 0.0655764 -0.0519458 
-1.01235 0.00391166 0.0313649 0.0345594 0.0275866 0.045 0.0118038 -0.00935025 -0.0823647 0.0260777 0.209099 0.230396 0.183911 0.3 0.0786917 -0.062335 
-1.01682 0.0053242 0.0426911 0.0470392 0.0375485 0.06125 0.0160662 -0.0127267 -0.0960922 0.030424 0.243949 0.268796 0.214563 0.35 0.091807 -0.0727241 
-1.02196 0.00695406 0.0557598 0.061439 0.0490429 0.08 0.0209845 -0.0166227 -0.10982 0.0347703 0.278799 0.307195 0.245214 0.4 0.104922 -0.0831133 
-1.0278 0.00880123 0.070571 0.0777587 0.0620699 0.10125 0.0265585 -0.0210381 -0.123547 0.0391166 0.313649 0.345594 0.275866 0.45 0.118038 -0.0935025 
-1.03432 0.0108657 0.0871247 0.0959984 0.0766295 0.125 0.0327882 -0.0259729 -0.137275 0.0434629 0.348499 0.383994 0.306518 0.5 0.131153 -0.103892 
-1.04153 0.0131475 0.105421 0.116158 0.0927217 0.15125 0.0396737 -0.0314272 -0.151002 0.0478092 0.383349 0.422393 0.33717 0.55 0.144268 -0.114281 
-1.04942 0.0156466 0.12546 0.138238 0.110347 0.18 0.047215 -0.037401 -0.164729 0.0521555 0.418199 0.460792 0.367822 0.6 0.157383 -0.12467 
-1.058 0.0183631 0.147241 0.162237 0.129504 0.21125 0.0554121 -0.0438942 -0.178457 0.0565017 0.453049 0.499192 0.398474 0.65 0.170499 -0.135059 
-1.06726 0.0212968 0.170764 0.188157 0.150194 0.245 0.0642649 -0.0509069 -0.192184 0.060848 0.487898 0.537591 0.429125 0.7 0.183614 -0.145448 
-1.07722 0.0244479 0.196031 0.215996 0.172416 0.28125 0.0737735 -0.058439 -0.205912 0.0651943 0.522748 0.57599 0.459777 0.75 0.196729 -0.155837 
-1.08786 0.0278162 0.223039 0.245756 0.196172 0.32 0.0839379 -0.0664906 -0.219639 0.0695406 0.557598 0.61439 0.490429 0.8 0.209845 -0.166227 
-1.09918 0.0314019 0.25179 0.277435 0.221459 0.36125 0.094758 -0.0750617 -0.233367 0.0738869 0.592448 0.652789 0.521081 0.85 0.22296 -0.176616 
-1.11119 0.0352049 0.282284 0.311035 0.24828 0.405 0.106234 -0.0841522 -0.247094 0.0782332 0.627298 0.691188 0.551733 0.9 0.236075 -0.187005 
-1.12389 0.0392252 0.31452 0.346554 0.276633 0.45125 0.118365 -0.0937622 -0.260822 0.0825795 0.662148 0.729588 0.582384 0.95 0.24919 -0.197394 
-1.13727 0.0434629 0.348499 0.383994 0.306518 0.5 0.131153 -0.103892 -0.274549 0.0869258 0.696998 0.767987 0.613036 1 0.262306 -0.207783 
-1.15135 0.0479178 0.38422 0.423353 0.337936 0.55125 0.144596 -0.114541 -0.288277 0.091272 0.731848 0.806387 0.643688 1.05 0.275421 -0.218172 
-1.1661 0.0525901 0.421684 0.464632 0.370887 0.605 0.158695 -0.125709 -0.302004 0.0956183 0.766698 0.844786 0.67434 1.1 0.288536 -0.228562 
-1.18155 0.0574797 0.46089 0.507832 0.40537 0.66125 0.17345 -0.137397 -0.315731 0.0999646 0.801548 0.883185 0.704992 1.15 0.301652 -0.238951 
-1.19768 0.0625865 0.501838 0.552951 0.441386 0.72 0.18886 -0.149604 -0.329459 0.104311 0.836397 0.921585 0.735643 1.2 0.314767 -0.24934 
-1.21449 0.0679108 0.54453 0.59999 0.478935 0.78125 0.204926 -0.162331 -0.343186 0.108657 0.871247 0.959984 0.766295 1.25 0.327882 -0.259729 
-1.23199 0.0734523 0.588963 0.648949 0.518016 0.845 0.221648 -0.175577 -0.356914 0.113003 0.906097 0.998383 0.796947 1.3 0.340998 -0.270118 
-1.25018 0.0792111 0.635139 0.699828 0.558629 0.91125 0.239026 -0.189342 -0.370641 0.11735 0.940947 1.03678 0.827599 1.35 0.354113 -0.280507 
-1.26906 0.0851872 0.683058 0.752627 0.600775 0.98 0.25706 -0.203628 -0.384369 0.121696 0.975797 1.07518 0.858251 1.4 0.367228 -0.290897 
-1.28862 0.0913807 0.732719 0.807346 0.644454 1.05125 0.275749 -0.218432 -0.398096 0.126042 1.01065 1.11358 0.888902 1.45 0.380343 -0.301286 
-1.30887 0.0977915 0.784123 0.863986 0.689666 1.125 0.295094 -0.233756 -0.411824 0.130389 1.0455 1.15198 0.919554 1.5 0.393459 -0.311675 
-1.3298 0.10442 0.837269 0.922545 0.73641 1.20125 0.315095 -0.2496 -0.425551 0.134735 1.08035 1.19038 0.950206 1.55 0.406574 -0.322064 
-1.35142 0.111265 0.892157 0.983024 0.784686 1.28 0.335751 -0.265963 -0.439279 0.139081 1.1152 1.22878 0.980858 1.6 0.419689 -0.332453 
-1.37373 0.118328 0.948788 1.04542 0.834495 1.36125 0.357064 -0.282845 -0.453006 0.143428 1.15005 1.26718 1.01151 1.65 0.432805 -0.342842 
-1.39672 0.125608 1.00716 1.10974 0.885837 1.445 0.379032 -0.300247 -0.466733 0.147774 1.1849 1.30558 1.04216 1.7 0.44592 -0.353231 
-1.4204 0.133105 1.06728 1.17598 0.938712 1.53125 0.401656 -0.318168 -0.480461 0.15212 1.21975 1.34398 1.07281 1.75 0.459035 -0.363621 
-1.44477 0.14082 1.12914 1.24414 0.993119 1.62 0.424935 -0.336606 -0.494188 0.156466 1.2546 1.38238 1.10347 1.8 0.47215 -0.372427 
-1.46982 0.148752 1.19274 1.31422 1.04906 1.71125 0.448871 -0.354967 -0.507916 0.160813 1.28945 1.42078 1.13412 1.85 0.485266 -0.362038 
-1.49556 0.156901 1.25808 1.38622 1.10653 1.805 0.473462 -0.37281 -0.521643 0.165159 1.3243 1.45918 1.16477 1.9 0.498381 -0.351649 
-1.52199 0.165268 1.32517 1.46014 1.16554 1.90125 0.498709 -0.390132 -0.535371 0.169505 1.35915 1.49757 1.19542 1.95 0.511496 -0.34126 
-1.5491 0.173852 1.394 1.53597 1.22607 2 0.524612 -0.406936 -0.549098 0.173852 1.394 1.53597 1.22607 2 0.524612 -0.33087 
-1.5769 0.182653 1.46457 1.61373 1.28814 2.10125 0.55117 -0.423219 -0.562826 0.178198 1.42885 1.57437 1.25672 2.05 0.537727 -0.320481 
-1.60538 0.191671 1.53688 1.69341 1.35174 2.205 0.578384 -0.438984 -0.576553 0.182544 1.4637 1.61277 1.28738 2.1 0.550842 -0.310092 
-1.63455 0.200907 1.61094 1.77501 1.41688 2.31125 0.606254 -0.454229 -0.590281 0.18689 1.49855 1.65117 1.31803 2.15 0.563957 -0.299703 
-1.66441 0.21036 1.68673 1.85853 1.48355 2.42 0.63478 -0.468954 -0.604008 0.191237 1.5334 1.68957 1.34868 2.2 0.577073 -0.289314 
-1.69495 0.220031 1.76428 1.94397 1.55175 2.53125 0.663962 -0.48316 -0.617735 0.195583 1.56825 1.72797 1.37933 2.25 0.590188 -0.278925 
-1.72618 0.229919 1.84356 2.03133 1.62148 2.645 0.693799 -0.496846 -0.631463 0.199929 1.6031 1.76637 1.40998 2.3 0.603303 -0.268535 
-1.7581 0.240024 1.92459 2.1206 1.69275 2.76125 0.724292 -0.510013 -0.64519 0.204276 1.63794 1.80477 1.44063 2.35 0.616419 -0.258146 
-1.7907 0.250346 2.00735 2.2118 1.76554 2.88 0.755441 -0.522661 -0.658918 0.208622 1.67279 1.84317 1.47129 2.4 0.629534 -0.247757 
-1.82399 0.260886 2.09186 2.30492 1.83987 3.00125 0.787245 -0.534789 -0.672645 0.212968 1.70764 1.88157 1.50194 2.45 0.642649 -0.237368 
-1.85797 0.271643 2.17812 2.39996 1.91574 3.125 0.819175 -0.546398 -0.686373 0.217314 1.74249 1.91997 1.53259 2.5 0.632181 -0.226979 
-1.89263 0.282617 2.26611 2.49692 1.99313 3.25125 0.850457 -0.557487 -0.7001 0.221661 1.77734 1.95837 1.56324 2.55 0.619066 -0.21659 
-1.92798 0.293809 2.35585 2.5958 2.07206 3.38 0.881082 -0.568057 -0.713828 0.226007 1.81219 1.99677 1.59389 2.6 0.60595 -0.2062 
-1.96401 0.305218 2.44733 2.69659 2.15252 3.51125 0.911052 -0.578107 -0.727555 0.230353 1.84704 2.03517 1.62455 2.65 0.592835 -0.195811 
-2.00073 0.316844 2.54047 2.79931 2.23402 3.645 0.940366 -0.587638 -0.741282 0.2347 1.86639 2.07357 1.62046 2.7 0.57972 -0.185422 
-2.03814 0.328688 2.63292 2.90395 2.31428 3.78125 0.969024 -0.596649 -0.75501 0.239046 1.83154 2.11196 1.58981 2.75 0.566604 -0.175033 
-2.07623 0.340749 2.72362 3.01051 2.39301 3.92 0.997026 -0.605141 -0.768737 0.243392 1.79669 2.15036 1.55916 2.8 0.553489 -0.164644 
-2.11501 0.353027 2.81259 3.11899 2.4702 4.06125 1.02437 -0.613114 -0.782465 0.247738 1.76184 2.18876 1.5285 2.85 0.540374 -0.154255 
-2.15448 0.365523 2.89981 3.22939 2.54586 4.20453 1.05106 -0.620567 -0.796192 0.252085 1.72699 2.22716 1.49785 2.8568 0.527259 -0.143865 
-2.19463 0.378236 2.98529 3.3417 2.61998 4.34612 1.0771 -0.6275 -0.80992 0.256431 1.69214 2.26556 1.4672 2.8068 0.514143 -0.133476 
-2.23547 0.391166 3.06902 3.45404 2.69258 4.48521 1.10248 -0.633914 -0.823647 0.260777 1.65729 2.22751 1.43655 2.7568 0.501028 -0.123087 
-2.27699 0.404313 3.15101 3.56446 2.76364 4.6218 1.1272 -0.639809 -0.835976 0.265124 1.62244 2.18911 1.4059 2.7068 0.487913 -0.112698 
-2.31845 0.417678 3.23127 3.67295 2.83317 4.75589 1.15127 -0.645184 -0.822248 0.26947 1.58759 2.15071 1.37524 2.6568 0.474797 -0.102309 
-2.35922 0.43126 3.30977 3.77953 2.90116 4.88748 1.17468 -0.65004 -0.808521 0.273816 1.55274 2.11231 1.34459 2.6068 0.461682 -0.0919196 
-2.3993 0.44506 3.38654 3.88418 2.96762 5.01657 1.19744 -0.654376 -0.794793 0.278162 1.51789 2.07391 1.31394 2.5568 0.448567 -0.0815305 
-2.4387 0.459077 3.46156 3.98692 3.03256 5.14316 1.21954 -0.658193 -0.781066 0.282509 1.48304 2.03551 1.28329 2.5068 0.435452 -0.0711413 
-2.47741 0.473311 3.53484 4.08773 3.09595 5.26725 1.24098 -0.66149 -0.767339 0.286855 1.44819 1.99711 1.25264 2.4568 0.422336 -0.0607521 
-2.51543 0.487762 3.60638 4.18663 3.15782 5.38884 1.26177 -0.664268 -0.753611 0.291201 1.41334 1.95871 1.22199 2.4068 0.409221 -0.050363 
-2.55277 0.502431 3.67618 4.2836 3.21815 5.50793 1.2819 -0.666526 -0.739884 0.295548 1.37849 1.92031 1.19133 2.3568 0.396106 -0.0399738 
-2.58942 0.517317 3.74423 4.37866 3.27695 5.62452 1.30138 -0.668265 -0.726156 0.299894 1.34364 1.88192 1.16068 2.3068 0.38299 -0.0295847 
-2.62539 0.53242 3.81054 4.4718 3.33422 5.73861 1.3202 -0.669485 -0.712429 0.30424 1.30879 1.84352 1.13003 2.2568 0.369875 -0.0191955 
-2.66066 0.547741 3.87511 4.56301 3.38996 5.8502 1.33837 -0.670185 -0.698701 0.308586 1.27394 1.80512 1.09938 2.2068 0.35676 -0.00880633 
-2.69526 0.563279 3.93793 4.65231 3.44416 5.95929 1.35588 -0.670366 -0.684974 0.312933 1.23909 1.76672 1.06873 2.1568 0.343645 0.00158283 
-2.72916 0.579034 3.99902 4.73968 3.49683 6.06588 1.37273 -0.670027 -0.671246 0.317279 1.20424 1.72832 1.03807 2.1068 0.330529 0.011972 
-2.76238 0.595007 4.05836 4.82514 3.54797 6.16997 1.38893 -0.669168 -0.657519 0.321625 1.16939 1.68992 1.00742 2.0568 0.317414 0.0223612 
-2.79491 0.611197 4.11596 4.90868 3.59757 6.27156 1.40448 -0.667791 -0.643791 0.325972 1.13454 1.65152 0.976771 2.0068 0.304299 0.0327503 
-2.82676 0.627604 4.17181 4.99029 3.64564 6.37065 1.41936 -0.665893 -0.630064 0.330318 1.09969 1.61312 0.946119 1.9568 0.291183 0.0431395 
-2.85792 0.644229 4.22592 5.06999 3.69218 6.46724 1.43359 -0.663477 -0.616337 0.334664 1.06484 1.57472 0.915467 1.9068 0.278068 0.0535286 
-2.88839 0.66107 4.27829 5.14776 3.73719 6.56133 1.44717 -0.66054 -0.602609 0.33901 1.02999 1.53632 0.884816 1.8568 0.264953 0.0639178 
-2.91818 0.67813 4.32892 5.22362 3.78066 6.65292 1.46009 -0.657085 -0.588882 0.343357 0.995138 1.49792 0.854164 1.8068 0.251837 0.074307 
-2.94728 0.695406 4.37781 5.29756 3.82261 6.74201 1.47235 -0.65311 -0.575154 0.347703 0.960288 1.45952 0.823512 1.7568 0.238722 0.0846961 
-2.9757 0.7129 4.42495 5.36957 3.86301 6.8286 1.48396 -0.648615 -0.561427 0.352049 0.925438 1.42112 0.79286 1.7068 0.225607 0.0950853 
-3.00342 0.730611 4.47035 5.43967 3.90189 6.91269 1.49491 -0.643601 -0.547699 0.356396 0.890588 1.38272 0.762208 1.6568 0.212492 0.105474 
-3.03047 0.748539 4.51401 5.50784 3.93924 6.99428 1.50521 -0.638068 -0.533972 0.360742 0.855738 1.34432 0.731556 1.6068 0.199376 0.115864 
-3.05682 0.766685 4.55593 5.5741 3.97505 7.07337 1.51485 -0.632015 -0.520244 0.365088 0.820889 1.30593 0.700905 1.5568 0.186261 0.126253 
-3.08249 0.785048 4.5961 5.63844 4.00933 7.14996 1.52384 -0.625443 -0.506517 0.369434 0.786039 1.26753 0.670253 1.5068 0.173146 0.136642 
-3.10747 0.803629 4.63453 5.70085 4.04207 7.22405 1.53217 -0.618351 -0.492789 0.373781 0.751189 1.22913 0.639601 1.4568 0.16003 0.147031 
-3.13177 0.822426 4.67122 5.76135 4.07329 7.29564 1.53984 -0.610739 -0.479062 0.378127 0.716339 1.19073 0.608949 1.4068 0.146915 0.15742 
-3.15538 0.841441 4.70616 5.81993 4.10297 7.36473 1.54686 -0.602609 -0.465335 0.382473 0.681489 1.15233 0.578297 1.3568 0.1338 0.167809 
-3.1783 0.860665 4.73937 5.87658 4.13112 7.43132 1.55322 -0.593958 -0.451607 0.385108 0.646639 1.11393 0.547646 1.3068 0.120685 0.178199 
-3.20054 0.879812 4.77083 5.93132 4.15773 7.49541 1.55893 -0.584789 -0.43788 0.380761 0.611789 1.07553 0.516994 1.2568 0.107569 0.188588 
-3.22209 0.898741 4.80055 5.98414 4.18282 7.557 1.56398 -0.5751 -0.424152 0.376415 0.576939 1.03713 0.486342 1.2068 0.094454 0.198977 
-3.24295 0.917454 4.82852 6.03503 4.20637 7.61609 1.56837 -0.564891 -0.410425 0.372069 0.542089 0.99873 0.45569 1.1568 0.0813387 0.209366 
-3.26313 0.935948 4.85476 6.08401 4.22838 7.67268 1.57211 -0.554163 -0.396697 0.367723 0.50724 0.960331 0.425038 1.1068 0.0682234 0.219755 
-3.28262 0.954226 4.87925 6.13106 4.24887 7.72676 1.57519 -0.542916 -0.38297 0.363376 0.47239 0.921932 0.394387 1.0568 0.0551081 0.230144 
-3.30143 0.972286 4.90199 6.1762 4.26782 7.77835 1.57762 -0.531149 -0.369242 0.35903 0.43754 0.883532 0.363735 1.0068 0.0419929 0.240534 
-3.31955 0.990129 4.923 6.21942 4.28524 7.82744 1.57939 -0.518862 -0.355515 0.354684 0.40269 0.845133 0.333083 0.956795 0.0288776 0.250923 
-3.33698 1.00775 4.94226 6.26071 4.30113 7.87403 1.58051 -0.506056 -0.341787 0.350337 0.36784 0.806734 0.302431 0.906795 0.0157623 0.261312 
-3.35373 1.02516 4.95978 6.30009 4.31549 7.91812 1.58097 -0.492731 -0.32806 0.345991 0.33299 0.768334 0.271779 0.856795 0.00264699 0.271701 
-3.36979 1.04235 4.97556 6.33755 4.32831 7.95971 1.58077 -0.478886 -0.314333 0.341645 0.29814 0.729935 0.241128 0.806795 -0.0104683 0.28209 
-3.38516 1.05933 4.9896 6.37308 4.3396 7.9988 1.57992 -0.464522 -0.300605 0.337299 0.26329 0.691535 0.210476 0.756795 -0.0235836 0.292479 
-3.39985 1.07608 5.00189 6.4067 4.34936 8.03539 1.57842 -0.449638 -0.286878 0.332952 0.22844 0.653136 0.179824 0.706795 -0.0366989 0.302869 
-3.41385 1.09262 5.01244 6.4384 4.35758 8.06948 1.57625 -0.434235 -0.27315 0.328606 0.193591 0.614737 0.149172 0.656795 -0.0498142 0.313258 
-3.42716 1.10894 5.02125 6.46818 4.36427 8.10107 1.57343 -0.418313 -0.259423 0.32426 0.158741 0.576337 0.11852 0.606795 -0.0629295 0.323647 
-3.43979 1.12505 5.02832 6.49603 4.36943 8.13016 1.56996 -0.401871 -0.245695 0.319913 0.123891 0.537938 0.0878685 0.556795 -0.0760447 0.334036 
-3.45173 1.14094 5.03364 6.52197 4.37306 8.15675 1.56583 -0.384909 -0.231968 0.315567 0.0890409 0.499539 0.0572167 0.506795 -0.08916 0.344425 
-3.46299 1.1566 5.03722 6.54599 4.37516 8.18084 1.56104 -0.367428 -0.21824 0.311221 0.054191 0.461139 0.0265649 0.456795 -0.102275 0.354814 
-3.47356 1.17206 5.03906 6.56808 4.37572 8.20243 1.5556 -0.349428 -0.204513 0.306875 0.0193411 0.42274 -0.00408692 0.406795 -0.115391 0.365203 
-3.48344 1.18729 5.03915 6.58826 4.37475 8.22152 1.5495 -0.330908 -0.190785 0.302528 -0.0155088 0.384341 -0.0347387 0.356795 -0.128506 0.375593 
-3.49264 1.20231 5.03751 6.60652 4.37224 8.23811 1.54275 -0.311868 -0.177058 0.298182 -0.0503587 0.345941 -0.0653905 0.306795 -0.141621 0.385982 
-3.50114 1.21711 5.03412 6.62285 4.36821 8.2522 1.53534 -0.292309 -0.163331 0.293836 -0.0852086 0.307542 -0.0960423 0.256795 -0.154736 0.396371 
-3.50897 1.23169 5.02899 6.63727 4.36264 8.26379 1.52728 -0.272231 -0.149603 0.289489 -0.120058 0.269143 -0.126694 0.206795 -0.167852 0.40676 
-3.51611 1.24606 5.02211 6.64977 4.35554 8.27288 1.51856 -0.251633 -0.135876 0.285143 -0.154908 0.230743 -0.157346 0.156795 -0.180967 0.417149 
-3.52256 1.26021 5.0135 6.66035 4.3469 8.27947 1.50918 -0.230516 -0.122148 0.280797 -0.189758 0.192344 -0.187998 0.106795 -0.194082 0.427538 
-3.52832 1.27414 5.00314 6.669 4.33674 8.28356 1.49915 -0.20888 -0.108421 0.276451 -0.224608 0.153944 -0.21865 0.0567953 -0.207198 0.437928 
-3.5334 1.28785 4.99103 6.67574 4.32504 8.28515 1.48846 -0.186723 -0.0946933 0.272104 -0.259458 0.115545 -0.249301 0.00679533 -0.220313 0.448317 
-3.53779 1.30135 4.97719 6.68056 4.31181 8.28424 1.47712 -0.164048 -0.0809659 0.267758 -0.294308 0.0771457 -0.279953 -0.0432047 -0.233428 0.458706 
-3.54149 1.31463 4.9616 6.68345 4.29704 8.28083 1.46512 -0.140853 -0.0672384 0.263412 -0.329158 0.0387464 -0.310605 -0.0932047 -0.246544 0.469095 
-3.54451 1.32769 4.94428 6.68443 4.28075 8.27492 1.45246 -0.117138 -0.0535109 0.259065 -0.364008 0.000347034 -0.341257 -0.143205 -0.259659 0.479484 
-3.54685 1.34054 4.9252 6.68349 4.26292 8.26651 1.43915 -0.0929045 -0.0397835 0.254719 -0.398858 -0.0380523 -0.371909 -0.193205 -0.272774 0.489873 
-3.54849 1.35316 4.90439 6.68063 4.24356 8.2556 1.42519 -0.0681511 -0.026056 0.250373 -0.433707 -0.0764517 -0.40256 -0.243205 -0.285889 0.500263 
-3.54945 1.36557 4.88183 6.67584 4.22266 8.24219 1.41056 -0.0428782 -0.0123286 0.246027 -0.468557 -0.114851 -0.433212 -0.293205 -0.299005 0.510652 
-3.54972 1.37777 4.85753 6.66914 4.20024 8.22628 1.39529 -0.0170859 0.00139887 0.24168 -0.503407 -0.15325 -0.463864 -0.343205 -0.31212 0.521041 
-3.54931 1.38974 4.83149 6.66052 4.17628 8.20787 1.37935 0.00922588 0.0151263 0.237334 -0.538257 -0.19165 -0.494516 -0.393205 -0.325235 0.53143 
-3.54821 1.4015 4.80371 6.64998 4.15078 8.18696 1.36276 0.0360571 0.0288538 0.232988 -0.573107 -0.230049 -0.525168 -0.443205 -0.338351 0.541819 
-3.54643 1.41304 4.77418 6.63751 4.12376 8.16355 1.34552 0.0634078 0.0425812 0.228641 -0.607957 -0.268448 -0.555819 -0.493205 -0.351466 0.552208 
-3.54395 1.42436 4.74291 6.62313 4.0952 8.13764 1.32762 0.0912779 0.0563087 0.224295 -0.642807 -0.306848 -0.586471 -0.543205 -0.364581 0.562598 
-3.5408 1.43547 4.7099 6.60683 4.06511 8.10923 1.30906 0.119668 0.0700361 0.219949 -0.677657 -0.345247 -0.617123 -0.593205 -0.377696 0.572987 
-3.53695 1.44636 4.67515 6.58861 4.03349 8.07832 1.28985 0.148577 0.0837636 0.215603 -0.712507 -0.383647 -0.647775 -0.643205 -0.390812 0.583376 
-3.53242 1.45703 4.63865 6.56846 4.00034 8.04491 1.26998 0.178005 0.097491 0.211256 -0.747357 -0.422046 -0.678427 -0.693205 -0.403927 0.593765 
-3.5272 1.46748 4.60041 6.5464 3.96565 8.009 1.24945 0.207953 0.111218 0.20691 -0.782206 -0.460445 -0.709079 -0.743205 -0.417042 0.604154 
-3.5213 1.47772 4.56043 6.52242 3.92943 7.97059 1.22827 0.238421 0.124946 0.202564 -0.817056 -0.498845 -0.73973 -0.793205 -0.430158 0.614543 
-3.51471 1.48774 4.51871 6.49652 3.89167 7.92968 1.20644 0.269407 0.138673 0.198217 -0.851906 -0.537244 -0.770382 -0.843205 -0.443273 0.624933 
-3.50743 1.49754 4.47524 6.4687 3.85239 7.88627 1.18395 0.300914 0.152401 0.193871 -0.886756 -0.575643 -0.801034 -0.893205 -0.456388 0.635322 
-3.49947 1.50713 4.43003 6.43895 3.81157 7.84036 1.1608 0.33294 0.166128 0.189525 -0.921606 -0.614043 -0.831686 -0.943205 -0.469503 0.645711 
-3.49082 1.51649 4.38308 6.40729 3.76922 7.79195 1.137 0.365485 0.179856 0.185178 -0.956456 -0.652442 -0.862338 -0.993205 -0.482619 0.6561 
-3.48148 1.52564 4.33438 6.37371 3.72534 7.74104 1.11254 0.39855 0.193583 0.180832 -0.991306 -0.690841 -0.892989 -1.0432 -0.495734 0.666489 
-3.47146 1.53458 4.28395 6.33821 3.67992 7.68762 1.08742 0.432134 0.207311 0.176486 -1.02616 -0.729241 -0.923641 -1.0932 -0.508849 0.676878 
-3.46075 1.54329 4.23177 6.30079 3.63297 7.63171 1.06165 0.466237 0.221038 0.17214 -1.06101 -0.76764 -0.954293 -1.1432 -0.521965 0.687268 
-3.44935 1.55179 4.17785 6.26144 3.58449 7.5733 1.03523 0.500861 0.234766 0.167793 -1.09586 -0.806039 -0.984945 -1.1932 -0.53508 0.697657 
-3.43727 1.56007 4.12218 6.22018 3.53448 7.51239 1.00814 0.536003 0.248493 0.163447 -1.13071 -0.844439 -1.0156 -1.2432 -0.548195 0.708046 
-3.42451 1.56814 4.06478 6.177 3.48293 7.44898 0.980406 0.571665 0.26222 0.159101 -1.16556 -0.882838 -1.04625 -1.2932 -0.56131 0.718435 
-3.41105 1.57598 4.00563 6.1319 3.42985 7.38307 0.952012 0.607847 0.275948 0.154754 -1.20041 -0.921238 -1.0769 -1.3432 -0.574426 0.728824 
-3.39691 1.58361 3.94474 6.08488 3.37524 7.31466 0.922963 0.644548 0.289675 0.150408 -1.23525 -0.959637 -1.10755 -1.3932 -0.587541 0.739213 
-3.38208 1.59102 3.8821 6.03593 3.3191 7.24375 0.893258 0.681768 0.303403 0.146062 -1.2701 -0.998036 -1.1382 -1.4432 -0.600656 0.749602 
-3.36657 1.59822 3.81773 5.98507 3.26142 7.17034 0.862897 0.719508 0.31713 0.141716 -1.30495 -1.03644 -1.16886 -1.4932 -0.613772 0.759992 
-3.35037 1.6052 3.75161 5.93229 3.20221 7.09443 0.831881 0.757767 0.330858 0.137369 -1.3398 -1.07483 -1.19951 -1.5432 -0.626887 0.770381 
-3.33348 1.61195 3.68374 5.87759 3.14147 7.01602 0.800209 0.796546 0.344585 0.133023 -1.37465 -1.11323 -1.23016 -1.5932 -0.640002 0.78077 
-3.31591 1.6185 3.61414 5.82097 3.0792 6.93511 0.767881 0.835844 0.358313 0.128677 -1.4095 -1.15163 -1.26081 -1.6432 -0.653117 0.791159 
-3.29765 1.62482 3.54279 5.76243 3.01539 6.8517 0.734897 0.875662 0.37204 0.12433 -1.44435 -1.19003 -1.29146 -1.6932 -0.666233 0.801548 
-3.27871 1.63093 3.46971 5.70196 2.95005 6.76579 0.701258 0.915999 0.385768 0.119984 -1.4792 -1.22843 -1.32211 -1.7432 -0.679348 0.811937 
-3.25908 1.63682 3.39487 5.63958 2.88318 6.67738 0.666962 0.956856 0.399495 0.115638 -1.51405 -1.26683 -1.35277 -1.7932 -0.692463 0.822327 
-3.23876 1.64249 3.3183 5.57528 2.81477 6.58647 0.632011 0.998232 0.413222 0.111292 -1.5489 -1.30523 -1.38342 -1.8432 -0.705579 0.832716 
-3.21775 1.64795 3.23998 5.50906 2.74484 6.49306 0.596404 1.04013 0.42695 0.106945 -1.58375 -1.34363 -1.41407 -1.8932 -0.718694 0.843105 
-3.19606 1.65319 3.15992 5.44092 2.67337 6.39715 0.560142 1.08254 0.440677 0.102599 -1.6186 -1.38203 -1.44472 -1.9432 -0.731809 0.853494 
-3.17369 1.65821 3.07812 5.37086 2.60036 6.29874 0.523223 1.12548 0.454405 0.0982527 -1.65345 -1.42043 -1.47537 -1.9932 -0.744924 0.863883 
-3.15062 1.66301 2.99458 5.29887 2.52583 6.19783 0.485649 1.16893 0.468132 0.0939064 -1.6883 -1.45883 -1.50603 -2.0432 -0.75804 0.874272 
-3.12687 1.6676 2.90929 5.22497 2.44976 6.09442 0.447419 1.2129 0.48186 0.0895601 -1.72315 -1.49723 -1.53668 -2.0932 -0.771155 0.884662 
-3.10244 1.67197 2.82226 5.14915 2.37216 5.98851 0.408534 1.2574 0.495587 0.0852139 -1.758 -1.53563 -1.56733 -2.1432 -0.78427 0.895051 
-3.07731 1.67612 2.73349 5.07141 2.29303 5.8801 0.368992 1.30241 0.509315 0.0808676 -1.79285 -1.57403 -1.59798 -2.1932 -0.797386 0.90544 
-3.05151 1.68006 2.64298 4.99175 2.21236 5.76919 0.328795 1.34794 0.523042 0.0765213 -1.8277 -1.61243 -1.62863 -2.2432 -0.810501 0.915829 
-3.02501 1.68377 2.55072 4.91017 2.13017 5.65578 0.287942 1.39399 0.53677 0.072175 -1.86255 -1.65083 -1.65928 -2.2932 -0.823616 0.926218 
-2.99783 1.68727 2.45672 4.82667 2.04644 5.53987 0.246434 1.44056 0.550497 0.0678287 -1.8974 -1.68922 -1.68994 -2.3432 -0.836732 0.936607 
-2.96996 1.69056 2.36098 4.74125 1.96117 5.42146 0.204269 1.48765 0.564224 0.0634824 -1.93225 -1.72762 -1.72059 -2.3932 -0.849847 0.946997 
-2.94141 1.69362 2.2635 4.6539 1.87438 5.30055 0.161449 1.53526 0.577952 0.0591361 -1.9671 -1.76602 -1.75124 -2.4432 -0.862962 0.957386 
-2.91217 1.69647 2.16427 4.56464 1.78605 5.17714 0.117973 1.58339 0.591679 0.0547898 -2.00195 -1.80442 -1.78189 -2.4932 -0.876077 0.967775 
-2.88224 1.6991 2.0633 4.47346 1.69619 5.05123 0.0738412 1.63204 0.605407 0.0504436 -2.0368 -1.84282 -1.81254 -2.5432 -0.889193 0.978164 
-2.85162 1.70152 1.96059 4.38036 1.60479 4.92282 0.0290537 1.68121 0.619134 0.0460973 -2.07165 -1.88122 -1.8432 -2.5932 -0.902308 0.988553 
-2.82032 1.70371 1.85614 4.28534 1.51187 4.79191 -0.0163896 1.73089 0.632862 0.041751 -2.1065 -1.91962 -1.87385 -2.6432 -0.915423 0.998942 
-2.78834 1.70569 1.74994 4.1884 1.41741 4.6585 -0.0624886 1.7811 0.646589 0.0374047 -2.14135 -1.95802 -1.9045 -2.6932 -0.928539 1.00933 
-2.75567 1.70745 1.642 4.08954 1.32142 4.52259 -0.109243 1.83183 0.660317 0.0330584 -2.1762 -1.99642 -1.93515 -2.7432 -0.941654 1.01972 
-2.72231 1.709 1.53232 3.98876 1.22389 4.38418 -0.156654 1.88307 0.674044 0.0287121 -2.21105 -2.03482 -1.9658 -2.7932 -0.954769 1.03011 
-2.68826 1.71032 1.4209 3.88606 1.12484 4.24327 -0.20472 1.93484 0.687772 0.0243658 -2.2459 -2.07322 -1.99645 -2.8432 -0.967884 1.0405 
-2.65353 1.71143 1.30773 3.78143 1.02425 4.09986 -0.253442 1.98712 0.701499 0.0200195 -2.28075 -2.11162 -2.02711 -2.8932 -0.981 1.05089 
-2.61811 1.71232 1.19282 3.67489 0.922127 3.95395 -0.30282 2.03993 0.715226 0.0156732 -2.3156 -2.15002 -2.05776 -2.9432 -0.994115 1.06128 
-2.58201 1.713 1.07617 3.56643 0.818473 3.80554 -0.352854 2.09325 0.728954 0.011327 -2.35045 -2.18842 -2.08841 -2.9932 -1.00723 1.07167 
-2.54522 1.71346 0.957777 3.45605 0.713286 3.65463 -0.403543 2.14709 0.742681 0.00698067 -2.3853 -2.22682 -2.11906 -3.0432 -1.02035 1.08206 
-2.50774 1.7137 0.83764 3.34375 0.606567 3.50122 -0.454888 2.20146 0.756409 0.00263438 -2.42015 -2.26522 -2.14971 -3.0932 -1.03346 1.09244 
-2.46958 1.71372 0.715762 3.22953 0.498315 3.34531 -0.506889 2.25634 0.770136 -0.0017119 -2.455 -2.30361 -2.18037 -3.1432 -1.04658 1.10283 
-2.43073 1.71353 0.59214 3.11339 0.38853 3.1869 -0.559546 2.31174 0.783864 -0.00605819 -2.48985 -2.34201 -2.21102 -3.1932 -1.05969 1.11322 
-2.39119 1.71312 0.466777 2.99533 0.277213 3.02598 -0.612859 2.36766 0.797591 -0.0104045 -2.5247 -2.38041 -2.24167 -3.2432 -1.07281 1.12361 
-2.38564 1.71304 0.449205 2.97876 0.261612 3.00341 -0.620324 2.37548 0.7995 -0.0110089 -2.52955 -2.38575 -2.24593 -3.25016 -1.07463 1.12506 
