-1 0 0 0 0 0 0 0 0 0 0 0 0 0 0 0 0 0 0 0 0 0 0 0 
-0.999527 -0.00050464 -9.53328e-05 -0.000813334 -0.000104875 0.00125 -0.00108183 -0.000206322 -0.000103036 0.000324319 -0.000780882 -0.000195256 0.0189257 -0.0201856 -0.00381331 -0.0325334 -0.00419501 0.05 -0.0432734 -0.00825289 -0.00412143 0.0129728 -0.0312353 -0.00781022 
-0.998107 -0.00201856 -0.000381331 -0.00325334 -0.000419501 0.005 -0.00432734 -0.000825289 -0.000412143 0.00129728 -0.00312353 -0.000781022 0.0378514 -0.0403712 -0.00762663 -0.0650668 -0.00839003 0.1 -0.0865467 -0.0165058 -0.00824285 0.0259455 -0.0624705 -0.0156204 
-0.995742 -0.00454176 -0.000857995 -0.00732001 -0.000943878 0.01125 -0.00973651 -0.0018569 -0.000927321 0.00291887 -0.00702794 -0.0017573 0.0567771 -0.0605567 -0.0114399 -0.0976001 -0.012585 0.15 -0.12982 -0.0247587 -0.0123643 0.0389183 -0.0937058 -0.0234307 
-0.99243 -0.00807423 -0.00152533 -0.0130134 -0.00167801 0.02 -0.0173093 -0.00330115 -0.00164857 0.0051891 -0.0124941 -0.00312409 0.0757028 -0.0807423 -0.0152533 -0.130134 -0.0167801 0.2 -0.173093 -0.0330115 -0.0164857 0.051891 -0.124941 -0.0312409 
-0.988171 -0.012616 -0.00238332 -0.0203334 -0.00262188 0.03125 -0.0270459 -0.00515805 -0.00257589 0.00810797 -0.019522 -0.00488139 0.0946286 -0.100928 -0.0190666 -0.162667 -0.0209751 0.25 -0.216367 -0.0412644 -0.0206071 0.0648638 -0.156176 -0.0390511 
-0.982967 -0.018167 -0.00343198 -0.02928 -0.00377551 0.045 -0.038946 -0.0074276 -0.00370928 0.0116755 -0.0281117 -0.0070292 0.113554 -0.121113 -0.0228799 -0.1952 -0.0251701 0.3 -0.25964 -0.0495173 -0.0247286 0.0778366 -0.187412 -0.0468613 
-0.976816 -0.0247273 -0.00467131 -0.0398534 -0.00513889 0.06125 -0.0530099 -0.0101098 -0.00504875 0.0158916 -0.0382632 -0.00956752 0.13248 -0.141299 -0.0266932 -0.227734 -0.0293651 0.35 -0.302914 -0.0577702 -0.02885 0.0908093 -0.218647 -0.0546716 
-0.969719 -0.0322969 -0.0061013 -0.0520534 -0.00671202 0.08 -0.0692374 -0.0132046 -0.00659428 0.0207564 -0.0499764 -0.0124964 0.151406 -0.161485 -0.0305065 -0.260267 -0.0335601 0.4 -0.346187 -0.0660231 -0.0329714 0.103782 -0.249882 -0.0624818 
-0.961675 -0.0408758 -0.00772196 -0.0658801 -0.0084949 0.10125 -0.0876286 -0.0167121 -0.00834589 0.0262698 -0.0632514 -0.0158157 0.170331 -0.18167 -0.0343198 -0.2928 -0.0377551 0.45 -0.38946 -0.074276 -0.0370928 0.116755 -0.281117 -0.070292 
-0.952686 -0.050464 -0.00953328 -0.0813334 -0.0104875 0.125 -0.108183 -0.0206322 -0.0103036 0.0324319 -0.0780882 -0.0195256 0.189257 -0.201856 -0.0381331 -0.325334 -0.0419501 0.5 -0.432734 -0.0825289 -0.0412143 0.129728 -0.312353 -0.0781022 
-0.94275 -0.0610614 -0.0115353 -0.0984135 -0.0126899 0.15125 -0.130902 -0.024965 -0.0124673 0.0392426 -0.0944867 -0.0236259 0.208183 -0.222041 -0.0419464 -0.357867 -0.0461451 0.55 -0.476007 -0.0907817 -0.0453357 0.1427 -0.343588 -0.0859125 
-0.931867 -0.0726681 -0.0137279 -0.11712 -0.015102 0.18 -0.155784 -0.0297104 -0.0148371 0.0467019 -0.112447 -0.0281168 0.227109 -0.242227 -0.0457598 -0.390401 -0.0503402 0.6 -0.51928 -0.0990346 -0.0494571 0.155673 -0.374823 -0.0937227 
-0.920039 -0.0852841 -0.0161112 -0.137454 -0.0177239 0.21125 -0.18283 -0.0348684 -0.017413 0.0548099 -0.131969 -0.0329982 0.246034 -0.262413 -0.0495731 -0.422934 -0.0545352 0.65 -0.562554 -0.107288 -0.0535785 0.168646 -0.406059 -0.101533 
-0.907264 -0.0989094 -0.0186852 -0.159414 -0.0205556 0.245 -0.212039 -0.0404391 -0.020195 0.0635665 -0.153053 -0.0382701 0.26496 -0.282598 -0.0533864 -0.455467 -0.0587302 0.7 -0.605827 -0.11554 -0.0577 0.181619 -0.437294 -0.109343 
-0.893543 -0.113544 -0.0214499 -0.183 -0.023597 0.28125 -0.243413 -0.0464225 -0.023183 0.0729718 -0.175698 -0.0439325 0.283886 -0.302784 -0.0571997 -0.488001 -0.0629252 0.75 -0.6491 -0.123793 -0.0618214 0.194591 -0.468529 -0.117153 
-0.878875 -0.129188 -0.0244052 -0.208214 -0.0268481 0.32 -0.27695 -0.0528185 -0.0263771 0.0830257 -0.199906 -0.0499854 0.302811 -0.322969 -0.061013 -0.520534 -0.0671202 0.8 -0.692374 -0.132046 -0.0659428 0.207564 -0.499764 -0.124964 
-0.863262 -0.145841 -0.0275512 -0.235054 -0.030309 0.36125 -0.312624 -0.0596271 -0.0297773 0.0937282 -0.225675 -0.0564289 0.321737 -0.343155 -0.0648263 -0.553067 -0.0713152 0.85 -0.726229 -0.140299 -0.0700642 0.220537 -0.531 -0.132774 
-0.846702 -0.163503 -0.0308878 -0.26352 -0.0338843 0.405 -0.347854 -0.0668484 -0.0333835 0.105079 -0.252283 -0.0632628 0.340663 -0.36334 -0.0686396 -0.585601 -0.0698536 0.9 -0.682955 -0.148552 -0.0741857 0.23351 -0.519745 -0.140584 
-0.829195 -0.182175 -0.0344151 -0.293614 -0.0372721 0.45125 -0.38092 -0.0744823 -0.0371959 0.117079 -0.27749 -0.0704873 0.359589 -0.383526 -0.0724529 -0.618134 -0.0656586 0.95 -0.639682 -0.156805 -0.0783071 0.246482 -0.488509 -0.148394 
-0.810743 -0.201856 -0.0381331 -0.325334 -0.0404501 0.5 -0.411822 -0.0825289 -0.0412143 0.129728 -0.301134 -0.0781022 0.378514 -0.403712 -0.0762663 -0.650668 -0.0614636 1 -0.596408 -0.165058 -0.0824285 0.259455 -0.457274 -0.156204 
-0.791344 -0.222546 -0.0420418 -0.358681 -0.0434184 0.55125 -0.440561 -0.0909881 -0.0454387 0.143025 -0.323217 -0.0861077 0.39744 -0.423897 -0.0800796 -0.683201 -0.0572686 1.05 -0.553135 -0.173311 -0.0865499 0.272428 -0.426039 -0.164015 
-0.770999 -0.244246 -0.0461411 -0.393654 -0.046177 0.605 -0.467136 -0.0998599 -0.0498693 0.15697 -0.343738 -0.0945037 0.416366 -0.444083 -0.0838929 -0.715734 -0.0530736 1.1 -0.509862 -0.181563 -0.0906714 0.285401 -0.394804 -0.171825 
-0.749707 -0.266954 -0.0504311 -0.430254 -0.0487258 0.66125 -0.491547 -0.109144 -0.0545059 0.171565 -0.362697 -0.10329 0.435291 -0.464268 -0.0877062 -0.748268 -0.0488786 1.15 -0.466588 -0.189816 -0.0947928 0.298373 -0.363568 -0.179635 
-0.72747 -0.290672 -0.0549117 -0.468481 -0.0510648 0.72 -0.513795 -0.118842 -0.0593485 0.186808 -0.380095 -0.112467 0.454217 -0.484454 -0.0915195 -0.780801 -0.0446835 1.2 -0.423315 -0.198069 -0.0989142 0.311346 -0.332333 -0.187445 
-0.704286 -0.3154 -0.059583 -0.508334 -0.0531941 0.78125 -0.533878 -0.128951 -0.0643973 0.202699 -0.395931 -0.122035 0.473143 -0.50464 -0.0953328 -0.813334 -0.0404885 1.25 -0.380042 -0.206322 -0.103036 0.324319 -0.301098 -0.195256 
-0.680155 -0.341136 -0.064445 -0.549814 -0.0551137 0.845 -0.551799 -0.139474 -0.0696521 0.218718 -0.410205 -0.131993 0.492068 -0.524825 -0.0991461 -0.845868 -0.0362935 1.3 -0.336768 -0.214575 -0.107157 0.314032 -0.269862 -0.203066 
-0.655079 -0.367882 -0.0694976 -0.592921 -0.0568235 0.91125 -0.567555 -0.150409 -0.075113 0.234096 -0.422917 -0.142341 0.510994 -0.545011 -0.102959 -0.878401 -0.0320985 1.35 -0.293495 -0.222828 -0.111278 0.301059 -0.238627 -0.210876 
-0.629056 -0.395637 -0.0747409 -0.637651 -0.0583235 0.98 -0.581148 -0.161757 -0.0807799 0.248824 -0.434067 -0.15308 0.52992 -0.565196 -0.106773 -0.908258 -0.0279035 1.4 -0.250222 -0.231081 -0.1154 0.288086 -0.207392 -0.218686 
-0.602087 -0.424402 -0.0801749 -0.682251 -0.0596138 1.04937 -0.592577 -0.173517 -0.086653 0.262904 -0.443656 -0.16421 0.548846 -0.585382 -0.110586 -0.875724 -0.0237085 1.36337 -0.206948 -0.239334 -0.119521 0.275113 -0.176157 -0.226496 
-0.574172 -0.454176 -0.0857995 -0.725224 -0.0606944 1.11629 -0.601843 -0.18569 -0.0927321 0.276336 -0.451683 -0.17573 0.567771 -0.605567 -0.114399 -0.843191 -0.0195135 1.31337 -0.163675 -0.247587 -0.123643 0.262141 -0.144921 -0.234307 
-0.54531 -0.484959 -0.0916148 -0.76657 -0.0615652 1.18071 -0.608945 -0.198276 -0.0990173 0.289118 -0.458148 -0.187641 0.586697 -0.625753 -0.118213 -0.810657 -0.0153184 1.26337 -0.120401 -0.255839 -0.127764 0.249168 -0.113686 -0.242117 
-0.515502 -0.516751 -0.0976208 -0.80629 -0.0622262 1.24263 -0.613883 -0.211274 -0.105509 0.301252 -0.463052 -0.199942 0.605623 -0.645939 -0.122026 -0.778124 -0.0111234 1.21337 -0.0771281 -0.264092 -0.131886 0.236195 -0.0824508 -0.249927 
-0.484748 -0.549553 -0.103817 -0.844382 -0.0626775 1.30205 -0.616658 -0.224307 -0.112206 0.312738 -0.466393 -0.212633 0.624548 -0.666124 -0.125839 -0.745591 -0.00692842 1.16337 -0.0338547 -0.256545 -0.136007 0.223222 -0.0512155 -0.257737 
-0.453047 -0.583363 -0.110205 -0.880849 -0.0629191 1.35897 -0.617269 -0.236928 -0.119109 0.323575 -0.468173 -0.225715 0.643474 -0.68631 -0.129653 -0.713057 -0.0027334 1.11337 0.00941866 -0.248292 -0.140128 0.21025 -0.0199803 -0.265548 
-0.4204 -0.618183 -0.116783 -0.915688 -0.0629509 1.41338 -0.615716 -0.249136 -0.126219 0.333763 -0.468391 -0.239188 0.6624 -0.706495 -0.133466 -0.680524 0.00146161 1.06337 0.052692 -0.240039 -0.14425 0.197277 0.011255 -0.273358 
-0.386807 -0.654013 -0.123551 -0.948901 -0.0627729 1.4653 -0.611999 -0.260931 -0.133534 0.343302 -0.467048 -0.253051 0.681326 -0.726681 -0.137279 -0.647991 0.00565662 1.01337 0.0959654 -0.231786 -0.148371 0.184304 0.0424903 -0.281168 
-0.352268 -0.690852 -0.130511 -0.980487 -0.0623852 1.51472 -0.606119 -0.272314 -0.141056 0.352193 -0.464142 -0.267305 0.700251 -0.746867 -0.141093 -0.615457 0.00985164 0.963368 0.139239 -0.223533 -0.152493 0.171331 0.0737256 -0.288978 
-0.316782 -0.7287 -0.137661 -1.01045 -0.0617878 1.56164 -0.598076 -0.283285 -0.148783 0.360435 -0.459675 -0.281949 0.719177 -0.767052 -0.144906 -0.582924 0.0140467 0.913368 0.182512 -0.21528 -0.156614 0.158359 0.104961 -0.296788 
-0.28035 -0.767557 -0.145001 -1.03878 -0.0609805 1.60606 -0.587868 -0.293842 -0.156717 0.368029 -0.453646 -0.296984 0.738103 -0.787238 -0.148719 -0.55039 0.0182417 0.863368 0.225785 -0.207027 -0.160736 0.145386 0.136196 -0.304599 
-0.242972 -0.807423 -0.152533 -1.06549 -0.0599636 1.64798 -0.575497 -0.303988 -0.164857 0.374974 -0.446056 -0.312409 0.757028 -0.807423 -0.152533 -0.517857 0.0224367 0.813368 0.269059 -0.198775 -0.164857 0.132413 0.167431 -0.312409 
-0.204647 -0.848299 -0.160254 -1.09057 -0.0587369 1.68739 -0.560962 -0.31372 -0.173203 0.38127 -0.436903 -0.328225 0.775954 -0.827609 -0.156346 -0.485324 0.0266317 0.763368 0.312332 -0.190522 -0.168978 0.11944 0.198667 -0.320219 
-0.165376 -0.890184 -0.168167 -1.11402 -0.0573004 1.72431 -0.544264 -0.32304 -0.181755 0.386918 -0.426189 -0.344431 0.79488 -0.847794 -0.160159 -0.45279 0.0308267 0.713368 0.355606 -0.182269 -0.1731 0.106468 0.229902 -0.328029 
-0.125159 -0.933079 -0.17627 -1.13584 -0.0556542 1.75873 -0.525402 -0.331947 -0.190513 0.391917 -0.413913 -0.361028 0.813806 -0.86798 -0.163972 -0.420257 0.0350217 0.663368 0.398879 -0.174016 -0.177221 0.0934949 0.261137 -0.33584 
-0.0839956 -0.976982 -0.184564 -1.15604 -0.0537982 1.79065 -0.504376 -0.340441 -0.199477 0.396268 -0.400075 -0.378015 0.832731 -0.888166 -0.167786 -0.387723 0.0392167 0.613368 0.442152 -0.165763 -0.181343 0.0805221 0.292372 -0.34365 
-0.0418859 -1.0219 -0.193049 -1.17462 -0.0517325 1.82007 -0.481186 -0.348523 -0.208647 0.399969 -0.384676 -0.395393 0.851657 -0.908351 -0.171599 -0.35519 0.0434117 0.563368 0.485426 -0.15751 -0.185464 0.0675493 0.323608 -0.35146 
0.0011701 -1.06782 -0.201724 -1.19156 -0.0494571 1.84699 -0.455833 -0.356192 -0.218023 0.403022 -0.367714 -0.413161 0.870583 -0.928537 -0.175412 -0.322657 0.0476068 0.513368 0.528699 -0.149257 -0.189586 0.0545766 0.354843 -0.35927 
0.0451724 -1.11475 -0.21059 -1.20688 -0.0469719 1.87141 -0.428317 -0.363449 -0.227606 0.405427 -0.349191 -0.43132 0.889327 -0.948722 -0.179226 -0.290123 0.0518018 0.463368 0.571972 -0.141004 -0.193707 0.0416038 0.386078 -0.367081 
0.0891656 -1.16269 -0.219647 -1.22058 -0.0442769 1.89332 -0.398636 -0.370293 -0.237394 0.407183 -0.329107 -0.449869 0.870402 -0.968908 -0.183039 -0.25759 0.0559968 0.413368 0.615246 -0.132751 -0.197828 0.0286311 0.417314 -0.374891 
0.132213 -1.21164 -0.228894 -1.23264 -0.0413722 1.91274 -0.366792 -0.376724 -0.247389 0.40829 -0.30746 -0.468809 0.851476 -0.989094 -0.186852 -0.225057 0.0601918 0.363368 0.658519 -0.124499 -0.20195 0.0156583 0.448549 -0.382701 
0.174313 -1.2616 -0.238332 -1.24308 -0.0382577 1.92966 -0.332784 -0.382743 -0.257589 0.408749 -0.284252 -0.488139 0.83255 -1.00928 -0.190666 -0.192523 0.0643868 0.313368 0.701792 -0.116246 -0.206071 0.00268555 0.479784 -0.390511 
0.215468 -1.31257 -0.247961 -1.25189 -0.0349335 1.94408 -0.296613 -0.388349 -0.267996 0.408559 -0.259482 -0.50786 0.813625 -1.02946 -0.194479 -0.15999 0.0685818 0.263368 0.745066 -0.107993 -0.210193 -0.0102872 0.511019 -0.398321 
0.255676 -1.36455 -0.25778 -1.25908 -0.0313995 1.956 -0.258278 -0.393542 -0.278608 0.40772 -0.23315 -0.527971 0.794699 -1.04965 -0.198292 -0.127456 0.0727768 0.213368 0.788339 -0.0997399 -0.214314 -0.02326 0.542255 -0.406132 
0.294937 -1.41753 -0.26779 -1.26464 -0.0276558 1.96542 -0.217779 -0.398323 -0.289427 0.406233 -0.205256 -0.548473 0.775773 -1.06984 -0.202106 -0.0949231 0.0769719 0.163368 0.831613 -0.091487 -0.218436 -0.0362327 0.57349 -0.413942 
0.333253 -1.47153 -0.27799 -1.26857 -0.0237023 1.97233 -0.175116 -0.402691 -0.300452 0.404097 -0.175801 -0.569365 0.756848 -1.09002 -0.205919 -0.0623897 0.0811669 0.113368 0.874886 -0.0832341 -0.222557 -0.0492055 0.604725 -0.421752 
0.370622 -1.52653 -0.288382 -1.27088 -0.0195391 1.97675 -0.13029 -0.406646 -0.311683 0.401312 -0.144784 -0.590648 0.737922 -1.11021 -0.209732 -0.0298563 0.0853619 0.0633682 0.918159 -0.0749812 -0.226678 -0.0621782 0.63596 -0.429562 
0.407045 -1.58255 -0.298964 -1.27156 -0.0151662 1.97867 -0.0833004 -0.410189 -0.32312 0.397879 -0.112205 -0.612322 0.718996 -1.13039 -0.213546 0.00267706 0.0895569 0.0133682 0.961433 -0.0667284 -0.230703 -0.075151 0.667196 -0.437373 
0.442522 -1.63857 -0.309736 -1.27061 -0.0105834 1.97809 -0.0341469 -0.413319 -0.334552 0.393797 -0.078064 -0.634385 0.70007 -1.11038 -0.217359 0.0352104 0.0937519 -0.0366318 1.00471 -0.0584755 -0.226581 -0.0881238 0.698431 -0.445183 
0.477052 -1.69359 -0.3207 -1.26804 -0.00579096 1.97501 0.0171702 -0.416036 -0.345778 0.389067 -0.0423616 -0.65684 0.681145 -1.09019 -0.221172 0.0677438 0.0979469 -0.0866318 1.04798 -0.0502226 -0.22246 -0.101097 0.729666 -0.452993 
0.510636 -1.74759 -0.331854 -1.26384 -0.000788743 1.96943 0.070651 -0.418341 -0.356798 0.383687 -0.00509737 -0.679685 0.662219 -1.07001 -0.224985 0.100277 0.102142 -0.136632 1.09125 -0.0419697 -0.218339 -0.114069 0.760902 -0.460803 
0.543274 -1.80059 -0.343198 -1.25801 0.00442323 1.96134 0.126295 -0.420233 -0.367612 0.37766 0.0337286 -0.70292 0.643293 -1.04982 -0.228799 0.132811 0.106337 -0.186632 1.13453 -0.0337168 -0.214217 -0.127042 0.792137 -0.468613 
0.574966 -1.85257 -0.354733 -1.25056 0.00984495 1.95076 0.184104 -0.421713 -0.37822 0.370983 0.0741163 -0.726546 0.624368 -1.02963 -0.232612 0.165344 0.110532 -0.236632 1.1778 -0.0254639 -0.210096 -0.140015 0.823372 -0.476424 
0.605711 -1.90355 -0.366459 -1.24147 0.0154764 1.93768 0.244075 -0.42278 -0.388621 0.363658 0.116066 -0.750442 0.605442 -1.00945 -0.236425 0.197877 0.114727 -0.286632 1.22107 -0.017211 -0.205974 -0.152988 0.854607 -0.475556 
0.63551 -1.95352 -0.378376 -1.23077 0.0213177 1.9221 0.306211 -0.423434 -0.398817 0.355684 0.159577 -0.774024 0.586516 -0.989263 -0.240239 0.230411 0.118922 -0.336632 1.26435 -0.00895816 -0.201853 -0.16596 0.885843 -0.467745 
0.664362 -2.00248 -0.390483 -1.21843 0.0273686 1.90402 0.37051 -0.423675 -0.408807 0.347062 0.20465 -0.797216 0.56759 -0.969078 -0.244052 0.262944 0.123117 -0.386632 1.30762 -0.000705277 -0.197731 -0.178933 0.917078 -0.459935 
0.692269 -2.05043 -0.402781 -1.20447 0.0336294 1.88344 0.436973 -0.423504 -0.41859 0.337791 0.251285 -0.820018 0.548665 -0.948892 -0.247865 0.295477 0.127312 -0.436632 1.35089 0.00754761 -0.19361 -0.191906 0.948313 -0.452125 
0.719229 -2.09737 -0.415268 -1.18889 0.0400998 1.86035 0.505599 -0.422921 -0.428168 0.327871 0.299481 -0.842429 0.529739 -0.928707 -0.250977 0.328011 0.131507 -0.486632 1.39417 0.0158005 -0.189489 -0.204879 0.979549 -0.444315 
0.745243 -2.1433 -0.427722 -1.17167 0.0467801 1.83477 0.576389 -0.421924 -0.437539 0.317303 0.34924 -0.864449 0.510813 -0.908521 -0.247163 0.360544 0.135702 -0.536632 1.43744 0.0240534 -0.185367 -0.217851 1.01078 -0.436504 
0.749967 -2.15171 -0.430012 -1.1683 0.0480431 1.82975 0.589768 -0.421694 -0.439256 0.31527 0.358648 -0.868494 0.5073 -0.904774 -0.246456 0.366583 0.136481 -0.545913 1.44547 0.0255853 -0.184602 -0.220259 1.01658 -0.435055 
0.749967 -2.15171 -0.430012 -1.1683 0.0480431 1.82975 0.589768 -0.421694 -0.439256 0.31527 0.358648 -0.868494 0.5073 -0.904774 -0.246456 0.366583 0.136481 -0.545913 1.44547 0.0255853 -0.184602 -0.220259 1.01658 -0.435055 
0.775021 -2.1957 -0.442038 -1.14978 0.0547545 1.80215 0.660826 -0.420305 -0.448231 0.304348 0.408637 -0.889692 0.494845 -0.854774 -0.23459 0.374151 0.131973 -0.557988 1.39689 0.0299881 -0.174398 -0.216645 0.982999 -0.412885 
0.799452 -2.23719 -0.453471 -1.13088 0.0612404 1.77395 0.729456 -0.418695 -0.456696 0.293606 0.456948 -0.909782 0.482391 -0.804774 -0.222725 0.381719 0.127466 -0.570064 1.3483 0.0343909 -0.164194 -0.21303 0.949417 -0.390716 
0.82326 -2.27618 -0.464311 -1.11161 0.067501 1.74515 0.795656 -0.416866 -0.46465 0.283045 0.503579 -0.928764 0.469936 -0.754774 -0.21086 0.389287 0.122958 -0.58214 1.29971 0.0387937 -0.153989 -0.209415 0.915834 -0.368547 
0.846445 -2.31267 -0.474557 -1.09195 0.0735363 1.71574 0.859427 -0.414816 -0.472095 0.272664 0.548531 -0.946637 0.457481 -0.704774 -0.198995 0.396855 0.118451 -0.594215 1.25113 0.0431965 -0.143785 -0.2058 0.882252 -0.346377 
0.869008 -2.34666 -0.48421 -1.07192 0.0793461 1.68572 0.920769 -0.412546 -0.479029 0.262465 0.591804 -0.963402 0.445026 -0.654774 -0.18713 0.404423 0.113943 -0.606291 1.20254 0.0475993 -0.133581 -0.202186 0.84867 -0.324208 
0.890948 -2.37814 -0.49327 -1.05151 0.0849306 1.65511 0.979682 -0.410056 -0.485453 0.252446 0.633398 -0.979058 0.432571 -0.604774 -0.175265 0.411991 0.109436 -0.618367 1.15396 0.0520021 -0.123377 -0.198571 0.815087 -0.302039 
0.912265 -2.40713 -0.501737 -1.03072 0.0902897 1.62389 1.03616 -0.407346 -0.491366 0.242607 0.673313 -0.993606 0.420117 -0.554774 -0.163399 0.419559 0.104928 -0.630443 1.10537 0.0564049 -0.113172 -0.194956 0.781505 -0.27987 
0.93296 -2.43362 -0.50961 -1.00956 0.0954234 1.59206 1.09022 -0.404415 -0.49677 0.23295 0.711548 -1.00704 0.407662 -0.504774 -0.151534 0.427127 0.100421 -0.642518 1.05678 0.0608077 -0.102968 -0.191341 0.747923 -0.2577 
0.953031 -2.45761 -0.51689 -0.98801 0.100332 1.55964 1.14184 -0.401265 -0.501663 0.223473 0.748105 -1.01938 0.395207 -0.454774 -0.139669 0.434695 0.0959135 -0.654594 1.0082 0.0652105 -0.0927637 -0.187727 0.71434 -0.235531 
0.97248 -2.4791 -0.523577 -0.966086 0.105015 1.5266 1.19104 -0.397894 -0.506046 0.214177 0.782982 -1.0306 0.382752 -0.404774 -0.127804 0.442263 0.091406 -0.66667 0.959612 0.0696133 -0.0825595 -0.184112 0.680758 -0.213362 
0.991307 -2.49809 -0.529671 -0.943784 0.109472 1.49297 1.2378 -0.394304 -0.509919 0.205062 0.816181 -1.04071 0.370297 -0.354774 -0.115939 0.449831 0.0868985 -0.678745 0.911025 0.0740161 -0.0723552 -0.180497 0.647175 -0.191192 
1.00951 -2.51458 -0.535171 -0.921103 0.113705 1.45873 1.28214 -0.390493 -0.513282 0.196128 0.8477 -1.04972 0.357843 -0.304774 -0.104073 0.457399 0.0823911 -0.690821 0.862439 0.0784189 -0.0621509 -0.176882 0.613593 -0.169023 
1.02709 -2.52857 -0.540078 -0.898044 0.117712 1.42389 1.32405 -0.386462 -0.516134 0.187374 0.87754 -1.05761 0.345388 -0.254774 -0.0922082 0.464967 0.0778836 -0.702897 0.813853 0.0828217 -0.0519467 -0.173268 0.580011 -0.146854 
1.04405 -2.54005 -0.544392 -0.874606 0.121493 1.38844 1.36353 -0.382211 -0.518476 0.178801 0.905701 -1.0644 0.332933 -0.204774 -0.080343 0.472535 0.0733761 -0.714972 0.765267 0.0872245 -0.0417424 -0.169653 0.546428 -0.124684 
1.06038 -2.54904 -0.548112 -0.850791 0.125049 1.35239 1.40057 -0.377739 -0.520308 0.170409 0.932183 -1.07008 0.320478 -0.154774 -0.0684779 0.480103 0.0688687 -0.727048 0.716681 0.0916273 -0.0315381 -0.166038 0.512846 -0.102515 
1.0761 -2.55553 -0.55124 -0.826596 0.12838 1.31574 1.43519 -0.373048 -0.52163 0.162197 0.956986 -1.07465 0.308023 -0.104774 -0.0566127 0.487671 0.0643612 -0.739124 0.668095 0.0960302 -0.0213338 -0.162423 0.479263 -0.0803457 
1.09119 -2.55952 -0.553774 -0.802034 0.131485 1.27848 1.46738 -0.368136 -0.522442 0.154166 0.980109 -1.07812 0.295568 -0.0547743 -0.0447475 0.492739 0.0598537 -0.7512 0.619509 0.100433 -0.0111296 -0.158809 0.445681 -0.0581764 
1.10565 -2.56101 -0.555714 -0.777586 0.134365 1.24062 1.49715 -0.363004 -0.522743 0.146316 1.00155 -1.08047 0.283114 -0.00477433 -0.0328823 0.485171 0.0553462 -0.763275 0.570923 0.104836 -0.000925314 -0.155194 0.412099 -0.0360071 
1.1195 -2.56 -0.557062 -0.753517 0.13702 1.20233 1.52448 -0.357653 -0.522534 0.138647 1.02132 -1.08172 0.270659 0.0452257 -0.0210171 0.477603 0.0508388 -0.762076 0.522337 0.109239 0.00927895 -0.151579 0.378516 -0.0138378 
1.13272 -2.55649 -0.557816 -0.729826 0.139449 1.16453 1.54938 -0.352081 -0.521815 0.131158 1.03941 -1.08186 0.258204 0.0952257 -0.00915194 0.470035 0.0463313 -0.75 0.473751 0.113641 0.0194832 -0.147964 0.344934 0.00833153 
1.14532 -2.55048 -0.557977 -0.706513 0.141653 1.12733 1.57185 -0.346288 -0.520586 0.12385 1.05581 -1.08088 0.245749 0.145226 0.00271325 0.462467 0.0418238 -0.737925 0.425165 0.118044 0.0296875 -0.14435 0.311352 0.0305008 
1.15729 -2.54196 -0.557545 -0.683579 0.143632 1.09074 1.5919 -0.340276 -0.518847 0.116723 1.07054 -1.07881 0.233294 0.195226 0.0145784 0.454899 0.0373164 -0.725849 0.376579 0.122447 0.0398918 -0.140735 0.277769 0.0526702 
1.16865 -2.53095 -0.556519 -0.661023 0.145385 1.05475 1.60951 -0.334044 -0.516597 0.109777 1.08359 -1.07562 0.22084 0.245226 0.0264436 0.447331 0.0328089 -0.713773 0.327993 0.12685 0.050096 -0.13712 0.244187 0.0748395 
1.17938 -2.51744 -0.5549 -0.638846 0.146912 1.01936 1.62469 -0.327591 -0.513837 0.103011 1.09496 -1.07132 0.208385 0.295226 0.0383088 0.439763 0.0283014 -0.701698 0.279407 0.131253 0.0603003 -0.133505 0.210604 0.0970088 
1.18949 -2.50143 -0.552688 -0.617047 0.148215 0.984577 1.63745 -0.320919 -0.510567 0.0964265 1.10465 -1.06592 0.19593 0.345226 0.050174 0.432195 0.0237939 -0.689622 0.230821 0.135655 0.0705046 -0.129891 0.177022 0.119178 
1.19897 -2.48292 -0.549883 -0.595627 0.149292 0.950398 1.64778 -0.314026 -0.506786 0.0900223 1.11266 -1.0594 0.183475 0.395226 0.0620392 0.424627 0.0192865 -0.677546 0.182235 0.140058 0.0807088 -0.126276 0.14344 0.141347 
1.20783 -2.46191 -0.546484 -0.574584 0.150143 0.916823 1.65567 -0.306913 -0.502496 0.0837989 1.11899 -1.05178 0.17102 0.445226 0.0739044 0.417059 0.014779 -0.665471 0.133649 0.144461 0.0909131 -0.122661 0.109857 0.163517 
1.21607 -2.4384 -0.542493 -0.553921 0.15077 0.883851 1.66114 -0.29958 -0.497695 0.0777562 1.12365 -1.04305 0.158565 0.495226 0.0857695 0.409491 0.0102715 -0.653395 0.0850627 0.148864 0.101117 -0.119046 0.0762749 0.185686 
1.22369 -2.41239 -0.537907 -0.533635 0.151171 0.851483 1.66418 -0.292026 -0.492384 0.0718942 1.12662 -1.03321 0.146111 0.545226 0.0976347 0.401923 0.00576406 -0.641319 0.0364767 0.153267 0.111322 -0.115432 0.0426925 0.207855 
1.23068 -2.38387 -0.532729 -0.513728 0.151346 0.819719 1.66479 -0.284253 -0.486563 0.066213 1.12792 -1.02227 0.133656 0.595226 0.1095 0.394355 0.00125659 -0.629243 -0.0121094 0.157669 0.121526 -0.111817 0.00911009 0.230025 
1.23706 -2.35286 -0.526957 -0.4942 0.151296 0.788559 1.66297 -0.276259 -0.480232 0.0607126 1.12753 -1.01021 0.121201 0.645226 0.121365 0.386787 -0.00325088 -0.617168 -0.0606954 0.162072 0.13173 -0.108202 -0.0244723 0.252194 
1.2428 -2.31935 -0.520593 -0.47505 0.151021 0.758002 1.65872 -0.268046 -0.47339 0.0553928 1.12547 -0.997047 0.108746 0.695226 0.13323 0.379219 -0.00775835 -0.605092 -0.109281 0.166475 0.141934 -0.104587 -0.0580547 0.274363 
1.24793 -2.28334 -0.513634 -0.456278 0.15052 0.72805 1.65204 -0.259612 -0.466038 0.0502538 1.12173 -0.982775 0.0962913 0.745226 0.145095 0.371651 -0.0122658 -0.593016 -0.157868 0.170878 0.152139 -0.100973 -0.0916371 0.296533 
1.25243 -2.24483 -0.506083 -0.437885 0.149794 0.698701 1.64293 -0.250958 -0.458176 0.0452956 1.11631 -0.967394 0.0838365 0.795226 0.156961 0.364083 -0.0167733 -0.580941 -0.206454 0.175281 0.162343 -0.0973579 -0.125219 0.318702 
1.25631 -2.20382 -0.497938 -0.41987 0.148843 0.669956 1.6314 -0.242084 -0.449804 0.040518 1.1092 -0.950904 0.0713817 0.845226 0.168826 0.356515 -0.0212808 -0.568865 -0.25504 0.179683 0.172547 -0.0937432 -0.158802 0.340871 
1.25957 -2.16031 -0.4892 -0.402233 0.147666 0.641814 1.61743 -0.23299 -0.440921 0.0359212 1.10043 -0.933307 0.0589269 0.895226 0.180691 0.348947 -0.0257882 -0.556789 -0.303626 0.184086 0.182751 -0.0901284 -0.192384 0.363041 
1.26221 -2.11429 -0.479869 -0.384975 0.146264 0.614277 1.60103 -0.223675 -0.431529 0.0315052 1.08997 -0.9146 0.0464721 0.945226 0.192556 0.341379 -0.0302957 -0.544714 -0.352212 0.188489 0.192956 -0.0865137 -0.225967 0.38521 
1.26422 -2.06578 -0.469945 -0.368095 0.144637 0.587343 1.58221 -0.214141 -0.421626 0.0272699 1.07783 -0.894786 0.0340173 0.995226 0.204421 0.333811 -0.0348032 -0.532638 -0.400798 0.192892 0.20316 -0.0828989 -0.259549 0.407379 
1.26561 -2.01477 -0.459427 -0.351594 0.142784 0.561013 1.56095 -0.204546 -0.411213 0.0232153 1.06401 -0.873862 0.0215624 1.04523 0.216287 0.326243 -0.0393106 -0.520562 -0.449384 0.189797 0.213364 -0.0792842 -0.293131 0.429548 
1.26638 -1.96126 -0.448316 -0.335471 0.140706 0.535287 1.53727 -0.195166 -0.400289 0.0193415 1.04852 -0.851831 0.00910762 1.09523 0.228152 0.318675 -0.0438181 -0.508486 -0.49797 0.185394 0.223569 -0.0756694 -0.326714 0.451718 
1.26652 -1.90525 -0.436612 -0.319726 0.138402 0.510164 1.51116 -0.186006 -0.388856 0.0156484 1.03134 -0.828691 -0.0033472 1.14523 0.240017 0.311107 -0.0483256 -0.496411 -0.546556 0.180992 0.233773 -0.0720547 -0.360296 0.473887 
1.26604 -1.84674 -0.424314 -0.30436 0.135873 0.485646 1.48261 -0.177067 -0.376912 0.012136 1.01249 -0.804442 -0.015802 1.19523 0.251882 0.303539 -0.0528331 -0.484335 -0.595142 0.176589 0.243977 -0.0684399 -0.393879 0.496056 
1.26494 -1.78573 -0.411424 -0.289373 0.133119 0.461731 1.45164 -0.168347 -0.364458 0.00880436 0.991952 -0.779085 -0.0282568 1.24523 0.263747 0.295971 -0.0573405 -0.472259 -0.643728 0.172186 0.254181 -0.0648252 -0.427461 0.518226 
1.26321 -1.72222 -0.39794 -0.274763 0.130139 0.43842 1.41824 -0.159848 -0.351494 0.00565347 0.96974 -0.75262 -0.0407117 1.29523 0.275612 0.288403 -0.061848 -0.460184 -0.692314 0.167783 0.264386 -0.0612104 -0.461043 0.540395 
1.26087 -1.6562 -0.383862 -0.260532 0.126934 0.415712 1.38241 -0.151569 -0.33802 0.00268332 0.945848 -0.725046 -0.0531665 1.34523 0.287478 0.280835 -0.0663555 -0.448108 -0.7409 0.16338 0.27459 -0.0575957 -0.494626 0.562564 
1.2579 -1.58769 -0.369192 -0.24668 0.123504 0.393609 1.34415 -0.14351 -0.324035 -0.000106097 0.920277 -0.696363 -0.0656213 1.39523 0.299343 0.273267 -0.0708629 -0.436032 -0.789486 0.158978 0.284794 -0.0539809 -0.528208 0.584734 
1.25431 -1.51668 -0.353928 -0.233206 0.119848 0.372109 1.30346 -0.135671 -0.30954 -0.00271478 0.893027 -0.666572 -0.0780761 1.44523 0.311208 0.265699 -0.0753704 -0.423957 -0.838072 0.154575 0.294998 -0.0503662 -0.56179 0.606903 
1.25009 -1.44317 -0.338071 -0.22011 0.115967 0.351213 1.26034 -0.128053 -0.294535 -0.00514272 0.864098 -0.635673 -0.0905309 1.49523 0.323073 0.258131 -0.0798779 -0.411881 -0.886658 0.150172 0.305203 -0.0467514 -0.595373 0.629072 
1.24525 -1.36716 -0.321621 -0.207392 0.11186 0.330921 1.2148 -0.120654 -0.27902 -0.00738992 0.83349 -0.603665 -0.102986 1.54523 0.334938 0.250563 -0.0843854 -0.399805 -0.935244 0.145769 0.315407 -0.0431367 -0.628955 0.651242 
1.23979 -1.28865 -0.304577 -0.195054 0.107528 0.311233 1.16682 -0.113476 -0.262994 -0.00945638 0.801203 -0.570549 -0.115441 1.59523 0.346804 0.242995 -0.0888928 -0.387729 -0.98383 0.141366 0.325611 -0.0395219 -0.662538 0.673411 
1.23371 -1.20965 -0.28694 -0.183093 0.102971 0.292148 1.11641 -0.106517 -0.246873 -0.0113421 0.767236 -0.536344 -0.127895 1.55541 0.358669 0.235427 -0.0934003 -0.375654 -1.03242 0.136964 0.317437 -0.0359072 -0.69612 0.689648 
1.227 -1.13313 -0.268897 -0.171511 0.0981879 0.273667 1.06358 -0.0997793 -0.231256 -0.0130471 0.731591 -0.502416 -0.14035 1.50541 0.35724 0.227859 -0.0979078 -0.363578 -1.081 0.132561 0.307233 -0.0322924 -0.729702 0.667479 
1.21967 -1.05911 -0.251331 -0.160307 0.0931799 0.25579 1.00831 -0.0932613 -0.216149 -0.0145714 0.694266 -0.469596 -0.152805 1.45541 0.345375 0.220291 -0.102415 -0.351502 -1.12959 0.128158 0.297028 -0.0286777 -0.763285 0.64531 
1.21172 -0.987592 -0.234359 -0.149482 0.0879464 0.238517 0.950619 -0.0869635 -0.201553 -0.0159149 0.655262 -0.437885 -0.16526 1.40541 0.333509 0.212723 -0.106923 -0.339427 -1.17817 0.123755 0.286824 -0.025063 -0.796867 0.62314 
1.20315 -0.918571 -0.21798 -0.139035 0.0824876 0.221848 0.890496 -0.0808858 -0.187467 -0.0170777 0.614579 -0.407282 -0.177715 1.35541 0.321644 0.205155 -0.11143 -0.327351 -1.22676 0.119352 0.27662 -0.0214482 -0.83045 0.600971 
1.19395 -0.85205 -0.202195 -0.128966 0.0768034 0.205782 0.827955 -0.0750282 -0.173891 -0.0180597 0.572217 -0.377787 -0.190169 1.30541 0.309779 0.197587 -0.115938 -0.315275 -1.2685 0.11495 0.266415 -0.0178335 -0.864032 0.578802 
1.18413 -0.78803 -0.187002 -0.119276 0.0710404 0.19032 0.765745 -0.0693908 -0.160825 -0.018861 0.529278 -0.349402 -0.202624 1.25541 0.297914 0.190019 -0.113175 -0.3032 -1.21991 0.110547 0.256211 -0.0142187 -0.843195 0.556632 
1.17369 -0.726509 -0.172403 -0.109964 0.0654944 0.175462 0.705964 -0.0639736 -0.14827 -0.0194816 0.487958 -0.322124 -0.215079 1.20541 0.286049 0.182451 -0.108667 -0.291124 -1.17132 0.106144 0.246007 -0.010604 -0.809612 0.534463 
1.16262 -0.667489 -0.158398 -0.101031 0.0601737 0.161208 0.648613 -0.0587764 -0.136225 -0.0199214 0.448317 -0.295955 -0.227534 1.15541 0.274184 0.174883 -0.10416 -0.279048 -1.12274 0.101741 0.235803 -0.00698921 -0.77603 0.512294 
1.15093 -0.610968 -0.144985 -0.092476 0.0550784 0.147557 0.59369 -0.0537995 -0.12469 -0.0201805 0.410355 -0.270895 -0.239989 1.10541 0.262318 0.167315 -0.0996523 -0.266972 -1.07415 0.0973383 0.225598 -0.00337447 -0.742448 0.490125 
1.13862 -0.556947 -0.132166 -0.0842995 0.0502085 0.134511 0.541197 -0.0490426 -0.113665 -0.0202588 0.374072 -0.246943 -0.252444 1.05541 0.250453 0.159747 -0.0951448 -0.254897 -1.02557 0.0929355 0.215394 0.000240283 -0.708865 0.467955 
1.1259 -0.505427 -0.11994 -0.0765013 0.0455639 0.122068 0.491134 -0.0445059 -0.10315 -0.0201565 0.339469 -0.224099 -0.250444 1.00541 0.238588 0.152179 -0.0906373 -0.242821 -0.97698 0.0885327 0.20519 0.00385503 -0.675283 0.445786 
1.11369 -0.456406 -0.108307 -0.0690816 0.0411447 0.110228 0.443499 -0.0401893 -0.0931458 -0.0198733 0.306544 -0.202364 -0.23799 0.955412 0.226723 0.144611 -0.0861298 -0.230745 -0.928394 0.0841299 0.194986 0.00746978 -0.6417 0.423617 
1.1021 -0.409886 -0.0972674 -0.0620402 0.0369509 0.0989931 0.398294 -0.0360929 -0.0836516 -0.0194095 0.275299 -0.181738 -0.225535 0.905412 0.214858 0.137043 -0.0816224 -0.21867 -0.879808 0.0797271 0.184781 0.0110845 -0.608118 0.401447 
1.09114 -0.365865 -0.0868211 -0.0553773 0.0329825 0.0883615 0.355519 -0.0322166 -0.0746677 -0.0187649 0.245732 -0.162219 -0.21308 0.855412 0.202992 0.129475 -0.0771149 -0.206594 -0.831222 0.0753243 0.174577 0.0146993 -0.574536 0.379278 
1.08079 -0.324344 -0.0769681 -0.0490927 0.0292395 0.0783337 0.315172 -0.0285605 -0.0661939 -0.0179396 0.217845 -0.14381 -0.200625 0.805412 0.191127 0.121907 -0.0726074 -0.194518 -0.782636 0.0709215 0.164373 0.018314 -0.540953 0.357109 
1.07107 -0.285324 -0.0677084 -0.0431866 0.0257218 0.0689097 0.277255 -0.0251245 -0.0582304 -0.0169335 0.191637 -0.126509 -0.18817 0.755412 0.179262 0.114339 -0.0681 -0.182443 -0.73405 0.0665187 0.154169 0.0219288 -0.507371 0.334939 
1.06198 -0.248803 -0.0590419 -0.0376588 0.0224295 0.0600894 0.241767 -0.0219086 -0.0507771 -0.0157467 0.167108 -0.110316 -0.175716 0.705412 0.167397 0.106771 -0.0635925 -0.170367 -0.685464 0.0621158 0.143964 0.0255435 -0.473788 0.31277 
1.0535 -0.214783 -0.0509687 -0.0325094 0.0193625 0.051873 0.208709 -0.0189129 -0.043834 -0.0143791 0.144258 -0.0952316 -0.163261 0.655412 0.155532 0.0992031 -0.059085 -0.158291 -0.636878 0.057713 0.13376 0.0291583 -0.440206 0.290601 
1.04565 -0.183262 -0.0434887 -0.0277385 0.016521 0.0442603 0.178079 -0.0161373 -0.0374011 -0.0128308 0.123087 -0.0812558 -0.150806 0.605412 0.143667 0.0916351 -0.0545775 -0.146215 -0.588292 0.0533102 0.123556 0.032773 -0.406624 0.268431 
1.03842 -0.154241 -0.036602 -0.0233459 0.0139048 0.0372514 0.14988 -0.0135819 -0.0314784 -0.0111018 0.103596 -0.0683885 -0.138351 0.555412 0.131801 0.0840671 -0.0500701 -0.13414 -0.539706 0.0489074 0.113351 0.0363878 -0.373041 0.246262 
1.03181 -0.127721 -0.0303086 -0.0193318 0.0115139 0.0308463 0.124109 -0.0112466 -0.0260659 -0.00923356 0.0857833 -0.0566296 -0.125896 0.505412 0.119936 0.0764991 -0.0455626 -0.122064 -0.49112 0.0445046 0.103147 0.0365387 -0.339459 0.224093 
1.02583 -0.1037 -0.0246084 -0.015696 0.0093485 0.025045 0.100768 -0.00913143 -0.0211637 -0.00749699 0.0696499 -0.0459792 -0.113441 0.455412 0.108071 0.0689311 -0.0410551 -0.109988 -0.442533 0.0401018 0.0929429 0.032924 -0.305876 0.201923 
1.02047 -0.0821795 -0.0195015 -0.0124387 0.00740843 0.0198475 0.0798555 -0.00723641 -0.0167716 -0.00594116 0.0551957 -0.0364373 -0.100987 0.405412 0.0962058 0.0613631 -0.0365477 -0.0979127 -0.393947 0.035699 0.0827387 0.0293092 -0.272294 0.179754 
1.01573 -0.0631589 -0.0149878 -0.00955972 0.00569374 0.0152538 0.0613728 -0.00556153 -0.0128898 -0.00456607 0.0424205 -0.0280038 -0.0885319 0.355412 0.0843406 0.0537951 -0.0320402 -0.085837 -0.345361 0.0312962 0.0725344 0.0256945 -0.238712 0.157585 
1.01162 -0.0466383 -0.0110674 -0.00705916 0.00420441 0.0112638 0.0453194 -0.00410679 -0.00951819 -0.00337171 0.0313245 -0.0206788 -0.076077 0.305412 0.0724754 0.0462271 -0.0275327 -0.0737613 -0.296775 0.0268934 0.0623301 0.0220798 -0.205129 0.135416 
1.00812 -0.0326177 -0.00774029 -0.00493701 0.00294046 0.00787762 0.0316953 -0.00287219 -0.00665679 -0.00235809 0.0219076 -0.0144622 -0.0636222 0.255412 0.0606102 0.0386591 -0.0230253 -0.0616856 -0.248189 0.0224906 0.0521259 0.018465 -0.171547 0.113246 
1.00526 -0.0210971 -0.00500641 -0.00319325 0.00190189 0.00509524 0.0205005 -0.00185773 -0.0043056 -0.00152521 0.0141698 -0.00935415 -0.0511674 0.205412 0.0487451 0.0310911 -0.0185178 -0.0496099 -0.199603 0.0180878 0.0419216 0.0148503 -0.137965 0.0910769 
1.00301 -0.0120765 -0.00286579 -0.00182789 0.00108869 0.00291663 0.011735 -0.00106341 -0.00246463 -0.000873067 0.00811113 -0.00535454 -0.0387126 0.155412 0.0368799 0.0235232 -0.0140103 -0.0375342 -0.151017 0.013685 0.0317173 0.0112355 -0.104382 0.0689076 
1.00138 -0.00555586 -0.00131843 -0.000840934 0.000500857 0.00134182 0.00539874 -0.000489227 -0.00113387 -0.00040166 0.00373158 -0.00246339 -0.0262578 0.105412 0.0250147 0.0159552 -0.00950284 -0.0254585 -0.102431 0.00928218 0.0215131 0.00762076 -0.0707998 0.0467383 
1.00038 -0.00153525 -0.000364321 -0.000232375 0.000138402 0.000370785 0.00149184 -0.000135188 -0.000313322 -0.000110991 0.00103115 -0.000680709 -0.013803 0.0554121 0.0131495 0.00838717 -0.00499537 -0.0133828 -0.0538451 0.00487938 0.0113088 0.00400602 -0.0372174 0.024569 
1 -1.46455e-05 -3.47543e-06 -2.21674e-06 1.32028e-06 3.53709e-06 1.42313e-05 -1.28962e-06 -2.98893e-06 -1.05879e-06 9.8366e-06 -6.4936e-06 -0.00134814 0.00541211 0.00128431 0.000819177 -0.000487899 -0.0013071 -0.00525906 0.00047657 0.00110453 0.000391268 -0.00363503 0.00239966 
1 0 0 0 0 0 0 0 0 0 0 0 0 0 0 0 0 0 0 0 0 0 0 0 
