0 0 0 0 0 0 
-0.00125 -0.00125 -0.00125 -0.05 -0.05 -0.05 
-0.005 -0.005 -0.005 -0.1 -0.1 -0.1 
-0.01125 -0.01125 -0.01125 -0.15 -0.15 -0.15 
-0.02 -0.02 -0.02 -0.2 -0.2 -0.2 
-0.03125 -0.03125 -0.03125 -0.25 -0.25 -0.25 
-0.045 -0.045 -0.045 -0.3 -0.3 -0.3 
-0.06125 -0.06125 -0.06125 -0.35 -0.35 -0.35 
-0.08 -0.08 -0.08 -0.4 -0.4 -0.4 
-0.10125 -0.10125 -0.10125 -0.45 -0.45 -0.45 
-0.125 -0.125 -0.125 -0.5 -0.5 -0.5 
-0.15125 -0.15125 -0.15125 -0.55 -0.55 -0.55 
-0.18 -0.18 -0.18 -0.6 -0.6 -0.6 
-0.21125 -0.21125 -0.21125 -0.65 -0.65 -0.65 
-0.245 -0.245 -0.245 -0.7 -0.7 -0.7 
-0.28125 -0.28125 -0.28125 -0.75 -0.75 -0.75 
-0.32 -0.32 -0.32 -0.8 -0.8 -0.8 
-0.36125 -0.36125 -0.36125 -0.85 -0.85 -0.85 
-0.405 -0.405 -0.405 -0.9 -0.9 -0.9 
-0.45125 -0.45125 -0.45125 -0.95 -0.95 -0.95 
-0.5 -0.5 -0.5 -1 -1 -1 
-0.55125 -0.55125 -0.55125 -1.05 -1.05 -1.05 
-0.605 -0.605 -0.605 -1.1 -1.1 -1.1 
-0.66125 -0.66125 -0.66125 -1.15 -1.15 -1.15 
-0.72 -0.72 -0.72 -1.2 -1.2 -1.2 
-0.78125 -0.78125 -0.78125 -1.25 -1.25 -1.25 
-0.845 -0.845 -0.845 -1.3 -1.3 -1.3 
-0.91125 -0.91125 -0.91125 -1.35 -1.35 -1.35 
-0.98 -0.98 -0.98 -1.4 -1.4 -1.4 
-1.04997 -1.04997 -1.04997 -1.37843 -1.37843 -1.37843 
-1.11764 -1.11764 -1.11764 -1.32843 -1.32843 -1.32843 
-1.18281 -1.18281 -1.18281 -1.27843 -1.27843 -1.27843 
-1.24548 -1.24548 -1.24548 -1.22843 -1.22843 -1.22843 
-1.30565 -1.30565 -1.30565 -1.17843 -1.17843 -1.17843 
-1.36333 -1.36333 -1.36333 -1.12843 -1.12843 -1.12843 
-1.4185 -1.4185 -1.4185 -1.07843 -1.07843 -1.07843 
-1.47117 -1.47117 -1.47117 -1.02843 -1.02843 -1.02843 
-1.52134 -1.52134 -1.52134 -0.978427 -0.978427 -0.978427 
-1.56901 -1.56901 -1.56901 -0.928427 -0.928427 -0.928427 
-1.61418 -1.61418 -1.61418 -0.878427 -0.878427 -0.878427 
-1.65685 -1.65685 -1.65685 -0.828427 -0.828427 -0.828427 
-1.69703 -1.69703 -1.69703 -0.778427 -0.778427 -0.778427 
-1.7347 -1.7347 -1.7347 -0.728427 -0.728427 -0.728427 
-1.76987 -1.76987 -1.76987 -0.678427 -0.678427 -0.678427 
-1.80254 -1.80254 -1.80254 -0.628427 -0.628427 -0.628427 
-1.83271 -1.83271 -1.83271 -0.578427 -0.578427 -0.578427 
-1.86038 -1.86038 -1.86038 -0.528427 -0.528427 -0.528427 
-1.88555 -1.88555 -1.88555 -0.478427 -0.478427 -0.478427 
-1.90823 -1.90823 -1.90823 -0.428427 -0.428427 -0.428427 
-1.9284 -1.9284 -1.9284 -0.378427 -0.378427 -0.378427 
-1.94607 -1.94607 -1.94607 -0.328427 -0.328427 -0.328427 
-1.96124 -1.96124 -1.96124 -0.278427 -0.278427 -0.278427 
-1.97391 -1.97391 -1.97391 -0.228427 -0.228427 -0.228427 
-1.98408 -1.98408 -1.98408 -0.178427 -0.178427 -0.178427 
-1.99175 -1.99175 -1.99175 -0.128427 -0.128427 -0.128427 
-1.99692 -1.99692 -1.99692 -0.0784271 -0.0784271 -0.0784271 
-1.9996 -1.9996 -1.9996 -0.0284271 -0.0284271 -0.0284271 
-1.99977 -1.99977 -1.99977 0.0215729 0.0215729 0.0215729 
-1.99744 -1.99744 -1.99744 0.0715729 0.0715729 0.0715729 
-1.99261 -1.99261 -1.99261 0.121573 0.121573 0.121573 
-1.98528 -1.98528 -1.98528 0.171573 0.171573 0.171573 
-1.97545 -1.97545 -1.97545 0.221573 0.221573 0.221573 
-1.96312 -1.96312 -1.96312 0.271573 0.271573 0.271573 
-1.9483 -1.9483 -1.9483 0.321573 0.321573 0.321573 
-1.93097 -1.93097 -1.93097 0.371573 0.371573 0.371573 
-1.91114 -1.91114 -1.91114 0.421573 0.421573 0.421573 
-1.88881 -1.88881 -1.88881 0.471573 0.471573 0.471573 
-1.86398 -1.86398 -1.86398 0.521573 0.521573 0.521573 
-1.83665 -1.83665 -1.83665 0.571573 0.571573 0.571573 
-1.80682 -1.80682 -1.80682 0.621573 0.621573 0.621573 
-1.77449 -1.77449 -1.77449 0.671573 0.671573 0.671573 
-1.73967 -1.73967 -1.73967 0.721573 0.721573 0.721573 
-1.70234 -1.70234 -1.70234 0.771573 0.771573 0.771573 
-1.66251 -1.66251 -1.66251 0.821573 0.821573 0.821573 
-1.62018 -1.62018 -1.62018 0.871573 0.871573 0.871573 
-1.57535 -1.57535 -1.57535 0.921573 0.921573 0.921573 
-1.52802 -1.52802 -1.52802 0.971573 0.971573 0.971573 
-1.47819 -1.47819 -1.47819 1.02157 1.02157 1.02157 
-1.42587 -1.42587 -1.42587 1.07157 1.07157 1.07157 
-1.37104 -1.37104 -1.37104 1.12157 1.12157 1.12157 
-1.31371 -1.31371 -1.31371 1.17157 1.17157 1.17157 
-1.25388 -1.25388 -1.25388 1.22157 1.22157 1.22157 
-1.19155 -1.19155 -1.19155 1.27157 1.27157 1.27157 
-1.12672 -1.12672 -1.12672 1.32157 1.32157 1.32157 
-1.05939 -1.05939 -1.05939 1.37157 1.37157 1.37157 
-0.989565 -0.989565 -0.989565 1.42157 1.42157 1.42157 
-0.917237 -0.917237 -0.917237 1.47157 1.47157 1.47157 
-0.842408 -0.842408 -0.842408 1.52157 1.52157 1.52157 
-0.765079 -0.765079 -0.765079 1.57157 1.57157 1.57157 
-0.685251 -0.685251 -0.685251 1.62157 1.62157 1.62157 
-0.602922 -0.602922 -0.602922 1.67157 1.67157 1.67157 
-0.518093 -0.518093 -0.518093 1.72157 1.72157 1.72157 
-0.430765 -0.430765 -0.430765 1.77157 1.77157 1.77157 
-0.340936 -0.340936 -0.340936 1.82157 1.82157 1.82157 
-0.248607 -0.248607 -0.248607 1.87157 1.87157 1.87157 
-0.153779 -0.153779 -0.153779 1.92157 1.92157 1.92157 
-0.0564502 -0.0564502 -0.0564502 1.97157 1.97157 1.97157 
0 0 0 2 2 2 
