-1 0 0 0 0 0 0 0 0 0 0 0 0 0 0 0 
-0.999532 -0.000939255 -0.00105886 0.00125 -0.000710185 -0.000619528 -0.000962795 -0.000763946 0.0187075 -0.0375702 -0.0423544 0.05 -0.0284074 -0.0247811 -0.0385118 -0.0305578 
-0.998129 -0.00375702 -0.00423544 0.005 -0.00284074 -0.00247811 -0.00385118 -0.00305578 0.0374149 -0.0751404 -0.0847087 0.1 -0.0568148 -0.0495622 -0.0770236 -0.0611157 
-0.995791 -0.00845329 -0.00952973 0.01125 -0.00639166 -0.00557575 -0.00866515 -0.00687551 0.0561224 -0.112711 -0.127063 0.15 -0.0852222 -0.0743434 -0.115535 -0.0916735 
-0.992517 -0.0150281 -0.0169417 0.02 -0.011363 -0.00991245 -0.0154047 -0.0122231 0.0748298 -0.150281 -0.169417 0.2 -0.11363 -0.0991245 -0.154047 -0.122231 
-0.988308 -0.0234814 -0.0264715 0.03125 -0.0177546 -0.0154882 -0.0240699 -0.0190987 0.0935373 -0.187851 -0.211772 0.25 -0.142037 -0.123906 -0.192559 -0.152789 
-0.983163 -0.0338132 -0.0381189 0.045 -0.0255667 -0.022303 -0.0346606 -0.0275021 0.112245 -0.225421 -0.254126 0.3 -0.170444 -0.148687 -0.231071 -0.183347 
-0.977083 -0.0460235 -0.0518841 0.06125 -0.0347991 -0.0303569 -0.0471769 -0.0374334 0.130952 -0.262991 -0.296481 0.35 -0.198852 -0.173468 -0.269582 -0.213905 
-0.970068 -0.0601123 -0.067767 0.08 -0.0454518 -0.0396498 -0.0616189 -0.0488925 0.14966 -0.300562 -0.338835 0.4 -0.227259 -0.198249 -0.308094 -0.244463 
-0.962117 -0.0760796 -0.0857676 0.10125 -0.057525 -0.0501818 -0.0779864 -0.0618796 0.168367 -0.338132 -0.381189 0.45 -0.255667 -0.22303 -0.346606 -0.275021 
-0.953231 -0.0939255 -0.105886 0.125 -0.0710185 -0.0619528 -0.0962795 -0.0763946 0.187075 -0.375702 -0.423544 0.5 -0.284074 -0.247811 -0.385118 -0.305578 
-0.94341 -0.11365 -0.128122 0.15125 -0.0859324 -0.0749629 -0.116498 -0.0924375 0.205782 -0.413272 -0.465898 0.55 -0.312481 -0.272592 -0.42363 -0.336136 
-0.932653 -0.135253 -0.152476 0.18 -0.102267 -0.089212 -0.138152 -0.110008 0.224489 -0.450842 -0.508252 0.6 -0.340889 -0.297373 -0.423269 -0.366694 
-0.920961 -0.158734 -0.178947 0.21125 -0.120021 -0.1047 -0.158353 -0.129107 0.243197 -0.488412 -0.550607 0.65 -0.369296 -0.322155 -0.384757 -0.397252 
-0.908333 -0.184094 -0.207465 0.245 -0.139196 -0.121427 -0.176628 -0.149733 0.261904 -0.525983 -0.577448 0.7 -0.397703 -0.346936 -0.346246 -0.42781 
-0.894771 -0.211332 -0.235279 0.28125 -0.159792 -0.139394 -0.192977 -0.171888 0.280612 -0.563553 -0.535094 0.75 -0.426111 -0.371717 -0.307734 -0.458368 
-0.880272 -0.240449 -0.260975 0.32 -0.181807 -0.158599 -0.207401 -0.19557 0.299319 -0.601123 -0.49274 0.8 -0.454518 -0.396498 -0.269222 -0.488925 
-0.864839 -0.271445 -0.284553 0.36125 -0.205243 -0.179044 -0.219899 -0.22078 0.318027 -0.638693 -0.450385 0.85 -0.482926 -0.421279 -0.23071 -0.519483 
-0.84847 -0.304319 -0.306013 0.405 -0.2301 -0.200727 -0.230472 -0.247082 0.336734 -0.676263 -0.408031 0.9 -0.511333 -0.44606 -0.192198 -0.51736 
-0.831165 -0.339071 -0.325356 0.45094 -0.256377 -0.22365 -0.239119 -0.272186 0.355442 -0.713834 -0.365676 0.9148 -0.53974 -0.470841 -0.153687 -0.486802 
-0.812925 -0.375702 -0.342581 0.49543 -0.284074 -0.247811 -0.245841 -0.295762 0.374149 -0.751404 -0.323322 0.8648 -0.568148 -0.495622 -0.115175 -0.456244 
-0.79375 -0.414211 -0.357688 0.53742 -0.313191 -0.273212 -0.250637 -0.31781 0.392856 -0.788974 -0.280968 0.8148 -0.596555 -0.520404 -0.0766631 -0.425687 
-0.77364 -0.454599 -0.370678 0.57691 -0.343729 -0.299852 -0.253507 -0.338331 0.411564 -0.826544 -0.238613 0.7648 -0.624963 -0.545185 -0.0381513 -0.395129 
-0.752594 -0.496866 -0.381549 0.6139 -0.375688 -0.32773 -0.254452 -0.357323 0.430271 -0.864114 -0.196259 0.7148 -0.65337 -0.569966 0.00036051 -0.364571 
-0.730613 -0.541011 -0.390304 0.64839 -0.409066 -0.356848 -0.253471 -0.374788 0.448979 -0.901685 -0.153905 0.6648 -0.681777 -0.594747 0.0388723 -0.334013 
-0.707696 -0.587034 -0.39694 0.68038 -0.443865 -0.387205 -0.250565 -0.390724 0.467686 -0.939255 -0.11155 0.6148 -0.710185 -0.619528 0.0773841 -0.303455 
-0.683844 -0.634936 -0.401459 0.70987 -0.47878 -0.418801 -0.245733 -0.405133 0.486394 -0.976825 -0.0691959 0.5648 -0.68413 -0.644309 0.115896 -0.272897 
-0.659057 -0.684717 -0.40386 0.73686 -0.512276 -0.451636 -0.238975 -0.418014 0.505101 -1.0144 -0.0268416 0.5148 -0.655723 -0.66909 0.154408 -0.24234 
-0.633334 -0.736376 -0.404143 0.76135 -0.544352 -0.48571 -0.230292 -0.429367 0.523809 -1.05197 0.0155128 0.4648 -0.627315 -0.693871 0.192919 -0.211782 
-0.606813 -0.789913 -0.402308 0.78334 -0.575008 -0.521023 -0.219683 -0.439192 0.528174 -1.08954 0.0578672 0.4148 -0.598908 -0.718652 0.231431 -0.181224 
-0.580872 -0.845329 -0.398356 0.80283 -0.604243 -0.557575 -0.207149 -0.447489 0.509466 -1.12711 0.100222 0.3648 -0.5705 -0.743434 0.269943 -0.150666 
-0.555867 -0.902624 -0.392286 0.81982 -0.632058 -0.595366 -0.192689 -0.454259 0.490759 -1.16468 0.142576 0.3148 -0.542093 -0.768215 0.308455 -0.120108 
-0.531796 -0.961797 -0.384098 0.83431 -0.658452 -0.634397 -0.176303 -0.4595 0.472051 -1.20225 0.18493 0.2648 -0.513686 -0.792996 0.346967 -0.0895504 
-0.508661 -1.02285 -0.373793 0.8463 -0.683426 -0.673474 -0.157992 -0.463214 0.453344 -1.23982 0.227285 0.2148 -0.485278 -0.769165 0.385478 -0.0589925 
-0.486462 -1.08578 -0.36137 0.85579 -0.70698 -0.711313 -0.137755 -0.4654 0.434636 -1.27739 0.269639 0.1648 -0.456871 -0.744384 0.42399 -0.0284347 
-0.465198 -1.14896 -0.346829 0.86278 -0.729113 -0.747912 -0.115593 -0.466057 0.415929 -1.24502 0.311993 0.1148 -0.428464 -0.719603 0.462502 0.00212316 
-0.444869 -1.21027 -0.330171 0.86727 -0.749826 -0.783273 -0.0915052 -0.465187 0.397222 -1.20745 0.354348 0.0648003 -0.400056 -0.694822 0.501014 0.032681 
-0.425476 -1.2697 -0.311394 0.869261 -0.769119 -0.817395 -0.0654917 -0.462789 0.378514 -1.16988 0.396702 0.0148003 -0.371649 -0.670041 0.539526 0.0632388 
-0.407018 -1.32726 -0.2905 0.868751 -0.786991 -0.850277 -0.0375527 -0.458863 0.359807 -1.13231 0.439056 -0.0351997 -0.343241 -0.64526 0.578037 0.0937967 
-0.389495 -1.38293 -0.267489 0.865741 -0.803443 -0.881921 -0.00768801 -0.45341 0.341099 -1.09474 0.481411 -0.0851997 -0.314834 -0.620479 0.616549 0.124355 
-0.372908 -1.43673 -0.242359 0.860231 -0.818475 -0.912325 0.0241022 -0.446428 0.322392 -1.05717 0.523765 -0.1352 -0.286427 -0.595697 0.655061 0.154912 
-0.357256 -1.48865 -0.215112 0.852221 -0.832086 -0.94149 0.0578181 -0.437918 0.303684 -1.0196 0.566119 -0.1852 -0.258019 -0.570916 0.693573 0.18547 
-0.342539 -1.53869 -0.185747 0.841711 -0.844276 -0.969417 0.0934595 -0.427881 0.284977 -0.982026 0.608474 -0.2352 -0.229612 -0.546135 0.732084 0.216028 
-0.342119 -1.54014 -0.184849 0.841362 -0.844615 -0.970222 0.0945404 -0.427562 0.284425 -0.980917 0.609724 -0.236675 -0.228774 -0.545404 0.733221 0.21693 
-0.342119 -1.54014 -0.184849 0.841362 -0.844615 -0.970222 0.0945404 -0.427562 0.284425 -0.980917 0.609724 -0.236675 -0.228774 -0.545404 0.733221 0.21693 
-0.327596 -1.58794 -0.154791 0.82936 -0.855603 -0.99676 0.130595 -0.416642 0.296487 -0.930917 0.592597 -0.243413 -0.210745 -0.516138 0.708966 0.219854 
-0.312471 -1.63323 -0.125589 0.817021 -0.865689 -1.02184 0.165437 -0.40568 0.30855 -0.880917 0.575471 -0.250151 -0.192717 -0.486871 0.684712 0.217854 
-0.296742 -1.67603 -0.0972437 0.804345 -0.874874 -1.04545 0.199066 -0.39486 0.320612 -0.830917 0.558345 -0.256889 -0.174689 -0.457605 0.660458 0.214929 
-0.280409 -1.71632 -0.0697545 0.791332 -0.883158 -1.0676 0.231483 -0.384187 0.332674 -0.780917 0.541219 -0.263626 -0.156661 -0.428338 0.636204 0.212005 
-0.263474 -1.75412 -0.0431217 0.777983 -0.89054 -1.08828 0.262687 -0.37366 0.344737 -0.730917 0.524093 -0.270364 -0.138632 -0.399072 0.611949 0.20908 
-0.245936 -1.78942 -0.0173452 0.764296 -0.897021 -1.1075 0.292678 -0.363279 0.356799 -0.680917 0.506967 -0.277102 -0.120604 -0.369805 0.587695 0.206155 
-0.227794 -1.82221 0.00757497 0.750272 -0.902601 -1.12526 0.321456 -0.353044 0.368861 -0.630917 0.489841 -0.28384 -0.102576 -0.340539 0.563441 0.20323 
-0.20905 -1.85251 0.0316389 0.735912 -0.907279 -1.14156 0.349022 -0.342956 0.380924 -0.580917 0.472715 -0.290578 -0.0845477 -0.311273 0.539187 0.200306 
-0.189702 -1.8803 0.0548465 0.721215 -0.911056 -1.15639 0.375375 -0.333014 0.392986 -0.530917 0.455589 -0.297316 -0.0665195 -0.282006 0.514932 0.197381 
-0.169751 -1.9056 0.0771977 0.70618 -0.913931 -1.16976 0.400515 -0.323218 0.405048 -0.480917 0.438463 -0.304054 -0.0484912 -0.25274 0.490678 0.194456 
-0.149197 -1.92839 0.0986927 0.690809 -0.915905 -1.18166 0.424443 -0.313568 0.417111 -0.430917 0.421337 -0.310791 -0.030463 -0.223473 0.466424 0.191531 
-0.12804 -1.94869 0.119331 0.675101 -0.916977 -1.19211 0.447157 -0.304065 0.429173 -0.380917 0.404211 -0.317529 -0.0124348 -0.194207 0.442169 0.188607 
-0.10628 -1.96649 0.139114 0.659056 -0.917148 -1.20108 0.46866 -0.294707 0.441235 -0.330917 0.387084 -0.324267 0.00559348 -0.16494 0.417915 0.185682 
-0.0839164 -1.98178 0.15804 0.642675 -0.916418 -1.2086 0.488949 -0.285496 0.453298 -0.280917 0.369958 -0.331005 0.0236217 -0.135674 0.393661 0.182757 
-0.06095 -1.99458 0.17611 0.625956 -0.914786 -1.21465 0.508026 -0.276432 0.46536 -0.230917 0.352832 -0.337743 0.0416499 -0.106408 0.369407 0.179832 
-0.0373804 -2.00487 0.193323 0.6089 -0.912253 -1.21924 0.52589 -0.267513 0.477422 -0.180917 0.335706 -0.344481 0.0596782 -0.0771412 0.345152 0.176908 
-0.0132077 -2.01267 0.20968 0.591508 -0.908818 -1.22237 0.542541 -0.258741 0.489485 -0.130917 0.31858 -0.351218 0.0777064 -0.0478748 0.320898 0.173983 
0.0115681 -2.01797 0.225181 0.573778 -0.904482 -1.22403 0.557979 -0.250115 0.501547 -0.0809173 0.301454 -0.357956 0.0957346 -0.0186083 0.296644 0.171058 
0.036947 -2.02076 0.239826 0.555712 -0.899245 -1.22423 0.572205 -0.241635 0.513609 -0.0309173 0.284328 -0.364694 0.113763 0.0106581 0.27239 0.168133 
0.062929 -2.02106 0.253614 0.537309 -0.893106 -1.22296 0.585218 -0.233301 0.525672 0.0190827 0.267202 -0.371432 0.131791 0.0399245 0.248135 0.165209 
0.0895141 -2.01885 0.266546 0.518603 -0.886066 -1.22023 0.597019 -0.225114 0.537734 0.0690827 0.250076 -0.373859 0.149819 0.069191 0.223881 0.162284 
0.116702 -2.01415 0.278621 0.500079 -0.878124 -1.21604 0.607607 -0.217073 0.549796 0.119083 0.23295 -0.367122 0.167848 0.0984574 0.199627 0.159359 
0.144494 -2.00694 0.289841 0.481891 -0.869281 -1.21039 0.616982 -0.209178 0.561859 0.169083 0.215824 -0.360384 0.185876 0.127724 0.175372 0.156434 
0.172888 -1.99724 0.300204 0.464041 -0.859536 -1.20327 0.625144 -0.20143 0.573921 0.219083 0.198697 -0.353646 0.203904 0.15699 0.151118 0.15351 
0.201886 -1.98504 0.309711 0.446527 -0.84889 -1.19469 0.632093 -0.193827 0.585983 0.269083 0.181571 -0.346908 0.221932 0.186257 0.126864 0.150585 
0.231487 -1.97033 0.318361 0.42935 -0.837343 -1.18464 0.63783 -0.186371 0.598046 0.319083 0.164445 -0.34017 0.239961 0.215523 0.10261 0.14766 
0.26151 -1.95313 0.326155 0.41251 -0.824894 -1.17314 0.642354 -0.179061 0.596923 0.369083 0.147319 -0.333432 0.257989 0.24479 0.0783554 0.144735 
0.291055 -1.93342 0.333093 0.396006 -0.811544 -1.16017 0.645666 -0.171898 0.58486 0.419083 0.130193 -0.326694 0.276017 0.274056 0.0541011 0.141811 
0.319996 -1.91122 0.339174 0.37984 -0.797293 -1.14573 0.647764 -0.16488 0.572798 0.469083 0.113067 -0.319957 0.294045 0.303322 0.0298468 0.138886 
0.348335 -1.88652 0.3444 0.364011 -0.78214 -1.12983 0.64865 -0.158009 0.560736 0.519083 0.0959409 -0.313219 0.312073 0.332589 0.00559257 0.135961 
0.37607 -1.85931 0.348768 0.348518 -0.766085 -1.11247 0.648324 -0.151284 0.548673 0.569083 0.0788148 -0.306481 0.330102 0.361855 -0.0186617 0.133036 
0.403202 -1.82961 0.352281 0.333363 -0.749129 -1.09365 0.646784 -0.144705 0.536611 0.619083 0.0616887 -0.299743 0.34813 0.391122 -0.042916 0.130112 
0.429731 -1.7974 0.354937 0.318544 -0.731272 -1.07336 0.644032 -0.138273 0.524549 0.669083 0.0445626 -0.293005 0.366158 0.420388 -0.0671703 0.127187 
0.455657 -1.7627 0.356737 0.304062 -0.712514 -1.05161 0.640067 -0.131987 0.512486 0.719083 0.0274365 -0.286267 0.384186 0.449654 -0.0914245 0.124262 
0.48098 -1.7255 0.357681 0.289917 -0.692854 -1.02839 0.63489 -0.125847 0.500424 0.769083 0.0103105 -0.27953 0.402215 0.478921 -0.115679 0.121337 
0.505699 -1.68579 0.357768 0.276109 -0.672292 -1.00372 0.628499 -0.119853 0.488362 0.819083 -0.00681564 -0.272792 0.420243 0.508187 -0.139933 0.118413 
0.529816 -1.64359 0.356999 0.262638 -0.650829 -0.977576 0.620896 -0.114005 0.476299 0.869083 -0.0239417 -0.266054 0.438271 0.537454 -0.164187 0.115488 
0.553329 -1.59888 0.355374 0.249504 -0.628465 -0.949971 0.612081 -0.108304 0.464237 0.919083 -0.0410678 -0.259316 0.456299 0.56672 -0.188442 0.112563 
0.576239 -1.55168 0.352893 0.236707 -0.605199 -0.920904 0.602052 -0.102749 0.452174 0.969083 -0.0581939 -0.252578 0.474328 0.595987 -0.212696 0.109638 
0.598547 -1.50197 0.349555 0.224246 -0.581032 -0.890373 0.590811 -0.0973402 0.440112 1.01908 -0.07532 -0.24584 0.492356 0.625253 -0.23695 0.106714 
0.620251 -1.44977 0.345361 0.212123 -0.555964 -0.858378 0.578357 -0.0920776 0.42805 1.06908 -0.0924461 -0.239102 0.510384 0.654519 -0.261204 0.103789 
0.641352 -1.39507 0.34031 0.200336 -0.529994 -0.824921 0.564691 -0.0869613 0.415987 1.11908 -0.109572 -0.232365 0.528412 0.683786 -0.285459 0.100864 
0.661849 -1.33786 0.334403 0.188886 -0.503123 -0.79 0.549811 -0.0819912 0.403925 1.16908 -0.126698 -0.225627 0.546441 0.713052 -0.309713 0.0979395 
0.681744 -1.27816 0.32764 0.177773 -0.47535 -0.753616 0.533719 -0.0771673 0.391863 1.21908 -0.143824 -0.218889 0.564469 0.742319 -0.333967 0.0950148 
0.701036 -1.21595 0.320021 0.166997 -0.446829 -0.715768 0.516415 -0.0724897 0.3798 1.26908 -0.16095 -0.212151 0.567645 0.771585 -0.358222 0.09209 
0.719724 -1.15125 0.311545 0.156558 -0.418897 -0.676457 0.497897 -0.0679583 0.367738 1.31908 -0.178077 -0.205413 0.549617 0.800852 -0.382476 0.0891653 
0.737809 -1.08405 0.302213 0.146456 -0.391867 -0.635683 0.478167 -0.0635732 0.355676 1.36908 -0.195203 -0.198675 0.531589 0.830118 -0.40673 0.0862405 
0.755292 -1.01434 0.292025 0.136691 -0.365738 -0.593727 0.457224 -0.0593343 0.343613 1.41908 -0.212329 -0.191937 0.513561 0.833697 -0.430984 0.0833158 
0.772171 -0.944382 0.28098 0.127262 -0.340511 -0.552774 0.435069 -0.0552416 0.331551 1.37432 -0.229455 -0.1852 0.495532 0.804431 -0.455239 0.080391 
0.788447 -0.876916 0.26908 0.118171 -0.316185 -0.513284 0.4117 -0.0512952 0.319489 1.32432 -0.246581 -0.178462 0.477504 0.775164 -0.479493 0.0774663 
0.80412 -0.81195 0.256322 0.109416 -0.29276 -0.475257 0.387119 -0.047495 0.307426 1.27432 -0.263707 -0.171724 0.459476 0.745898 -0.503747 0.0745415 
0.819189 -0.749484 0.242709 0.100998 -0.270237 -0.438694 0.361326 -0.043841 0.295364 1.22432 -0.280833 -0.164986 0.441448 0.716631 -0.528001 0.0716168 
0.833656 -0.689518 0.228239 0.0929173 -0.248616 -0.403594 0.334319 -0.0403333 0.283302 1.17432 -0.297959 -0.158248 0.42342 0.687365 -0.552256 0.068692 
0.84752 -0.632051 0.212913 0.0851733 -0.227895 -0.369958 0.306599 -0.0369718 0.271239 1.12432 -0.315085 -0.15151 0.405391 0.658098 -0.545393 0.0657673 
0.86078 -0.577085 0.196731 0.0777663 -0.208077 -0.337784 0.279936 -0.0337566 0.259177 1.07432 -0.332211 -0.144773 0.387363 0.628832 -0.521139 0.0628425 
0.873437 -0.524619 0.179692 0.0706961 -0.189159 -0.307075 0.254485 -0.0306876 0.247115 1.02432 -0.349337 -0.138035 0.369335 0.599566 -0.496884 0.0599178 
0.885491 -0.474653 0.162579 0.0639628 -0.171143 -0.277828 0.230247 -0.0277648 0.235052 0.974323 -0.333727 -0.131297 0.351307 0.570299 -0.47263 0.056993 
0.896943 -0.427187 0.146321 0.0575664 -0.154028 -0.250045 0.207222 -0.0249883 0.22299 0.924323 -0.316601 -0.124559 0.333278 0.541033 -0.448376 0.0540683 
0.907791 -0.382221 0.130919 0.0515069 -0.137815 -0.223725 0.18541 -0.022358 0.210928 0.874323 -0.299475 -0.117821 0.31525 0.511766 -0.424122 0.0511435 
0.918035 -0.339754 0.116373 0.0457843 -0.122503 -0.198868 0.16481 -0.0198739 0.198865 0.824323 -0.282349 -0.111083 0.297222 0.4825 -0.399867 0.0482188 
0.927677 -0.299788 0.102684 0.0403986 -0.108093 -0.175475 0.145423 -0.0175361 0.186803 0.774323 -0.265223 -0.104345 0.279194 0.453234 -0.375613 0.045294 
0.936716 -0.262322 0.089851 0.0353497 -0.0945841 -0.153545 0.127249 -0.0153445 0.174741 0.724323 -0.248097 -0.0976076 0.261165 0.423967 -0.351359 0.0423693 
0.945151 -0.227356 0.0778744 0.0306378 -0.0819765 -0.133078 0.110287 -0.0132992 0.162678 0.674323 -0.23097 -0.0908698 0.243137 0.394701 -0.327104 0.0394445 
0.952983 -0.19489 0.066754 0.0262628 -0.0702704 -0.114075 0.0945382 -0.0114001 0.150616 0.624323 -0.213844 -0.0841319 0.225109 0.365434 -0.30285 0.0365198 
0.960213 -0.164924 0.0564899 0.0222246 -0.0594656 -0.0965345 0.0800021 -0.0096472 0.138554 0.574323 -0.196718 -0.0773941 0.207081 0.336168 -0.278596 0.033595 
0.966839 -0.137457 0.0470822 0.0185234 -0.0495623 -0.0804578 0.0666786 -0.00804057 0.126491 0.524323 -0.179592 -0.0706562 0.189052 0.306901 -0.254342 0.0306703 
0.972862 -0.112491 0.0385307 0.015159 -0.0405604 -0.0658444 0.0545679 -0.00658018 0.114429 0.474323 -0.162466 -0.0639184 0.171024 0.277635 -0.230087 0.0277455 
0.978282 -0.0900251 0.0308356 0.0121315 -0.0324599 -0.0526943 0.0436699 -0.00526602 0.102367 0.424323 -0.14534 -0.0571805 0.152996 0.248369 -0.205833 0.0248208 
0.983098 -0.070059 0.0239967 0.00944093 -0.0252608 -0.0410075 0.0339846 -0.0040981 0.0903043 0.374323 -0.128214 -0.0504427 0.134968 0.219102 -0.181579 0.021896 
0.987312 -0.0525928 0.0180142 0.00708725 -0.0189631 -0.0307841 0.025512 -0.00307641 0.078242 0.324323 -0.111088 -0.0437048 0.11694 0.189836 -0.157325 0.0189713 
0.990923 -0.0376266 0.0128879 0.00507045 -0.0135668 -0.0220239 0.0182521 -0.00220097 0.0661796 0.274323 -0.0939617 -0.036967 0.0989113 0.160569 -0.13307 0.0160465 
0.99393 -0.0251605 0.00861801 0.00339055 -0.00907198 -0.0147271 0.012205 -0.00147176 0.0541173 0.224323 -0.0768356 -0.0302291 0.0808831 0.131303 -0.108816 0.0131218 
0.996334 -0.0151943 0.00520438 0.00204754 -0.00547853 -0.00889366 0.00737054 -0.000888791 0.0420549 0.174323 -0.0597095 -0.0234913 0.0628548 0.102036 -0.0845617 0.010197 
0.998136 -0.00772814 0.00264706 0.00104142 -0.00278649 -0.0045235 0.00374881 -0.000452057 0.0299926 0.124323 -0.0425834 -0.0167534 0.0448266 0.07277 -0.0603074 0.00727229 
0.999334 -0.00276198 0.000946037 0.000372196 -0.000995871 -0.00161666 0.00133979 -0.000161562 0.0179303 0.0743233 -0.0254573 -0.0100156 0.0267984 0.0435035 -0.0360532 0.00434754 
0.999929 -0.000295811 0.000101322 3.98626e-05 -0.000106659 -0.000173147 0.000143494 -1.73035e-05 0.00586792 0.0243233 -0.00833126 -0.00327773 0.00877012 0.0142371 -0.0117989 0.00142279 
1 0 0 0 0 0 0 0 0 0 0 0 0 0 0 0 
