0 0 0 0 0 0 
-0.00082329 0.00125 -0.000407972 -0.0329316 0.05 -0.0163189 
-0.00329316 0.005 -0.00162478 -0.0658632 0.1 -0.0295913 
-0.00740961 0.01125 -0.00269637 -0.0987948 0.15 -0.0132724 
-0.0131726 0.02 -0.00295202 -0.131726 0.2 0.00304645 
-0.0205823 0.03125 -0.00239173 -0.164658 0.25 0.0193653 
-0.0296384 0.045 -0.00101549 -0.19759 0.3 0.0356842 
-0.0403412 0.06125 0.00117669 -0.230521 0.35 0.0520031 
-0.0526906 0.08 0.00418482 -0.263453 0.4 0.0683219 
-0.0666865 0.10125 0.00800889 -0.296384 0.45 0.0846408 
-0.082329 0.125 0.0126489 -0.329316 0.5 0.10096 
-0.0996181 0.15125 0.0181049 -0.362248 0.55 0.117279 
-0.118554 0.18 0.0243768 -0.395179 0.6 0.133597 
-0.139136 0.21125 0.0314646 -0.428111 0.65 0.149916 
-0.161365 0.245 0.0393684 -0.461043 0.7 0.166235 
-0.18524 0.28125 0.0480881 -0.493974 0.75 0.182554 
-0.210762 0.32 0.0576238 -0.526906 0.8 0.198873 
-0.237931 0.36125 0.0679754 -0.559837 0.85 0.215192 
-0.266746 0.405 0.079143 -0.592769 0.9 0.231511 
-0.297208 0.45125 0.0911265 -0.625701 0.95 0.24783 
-0.329316 0.5 0.103926 -0.658632 1 0.264148 
-0.363071 0.55125 0.117541 -0.691564 1.05 0.280467 
-0.398472 0.605 0.131973 -0.724495 1.1 0.296786 
-0.435521 0.66125 0.14722 -0.757427 1.15 0.313105 
-0.474215 0.72 0.163283 -0.790359 1.2 0.329424 
-0.514556 0.78125 0.180162 -0.82329 1.25 0.345743 
-0.556544 0.845 0.197857 -0.856222 1.3 0.362062 
-0.600179 0.91125 0.216368 -0.889153 1.35 0.37838 
-0.64546 0.98 0.235695 -0.922085 1.4 0.394699 
-0.692387 1.05125 0.255838 -0.955017 1.45 0.411018 
-0.740961 1.125 0.276797 -0.987948 1.5 0.427337 
-0.791182 1.20125 0.298572 -1.02088 1.55 0.443656 
-0.843049 1.28 0.321163 -1.05381 1.6 0.459975 
-0.894968 1.36125 0.34457 -1.02191 1.65 0.476294 
-0.94524 1.44372 0.368792 -0.988983 1.62846 0.492613 
-0.993866 1.52389 0.393831 -0.956051 1.57846 0.508931 
-1.04085 1.60157 0.419685 -0.92312 1.52846 0.52525 
-1.08618 1.67674 0.446356 -0.890188 1.47846 0.541569 
-1.12986 1.74941 0.473842 -0.857257 1.42846 0.557888 
-1.1719 1.81958 0.502145 -0.824325 1.37846 0.574207 
-1.2123 1.88726 0.531263 -0.791393 1.32846 0.590526 
-1.25104 1.95243 0.561197 -0.758462 1.27846 0.606845 
-1.28814 2.0151 0.591948 -0.72553 1.22846 0.623164 
-1.3236 2.07528 0.623514 -0.692599 1.17846 0.639482 
-1.3574 2.13295 0.655896 -0.659667 1.12846 0.655801 
-1.38956 2.18812 0.689094 -0.626735 1.07846 0.67212 
-1.42008 2.24079 0.723108 -0.593804 1.02846 0.688439 
-1.44894 2.29097 0.757938 -0.560872 0.978457 0.704758 
-1.47616 2.33864 0.793584 -0.527941 0.928457 0.721077 
-1.50174 2.38381 0.830045 -0.495009 0.878457 0.737396 
-1.52566 2.42649 0.867323 -0.462077 0.828457 0.753715 
-1.54795 2.46666 0.905417 -0.429146 0.778457 0.770033 
-1.56858 2.50433 0.944326 -0.396214 0.728457 0.786352 
-1.58757 2.5395 0.984052 -0.363283 0.678457 0.802671 
-1.60491 2.57218 1.02459 -0.330351 0.628457 0.81899 
-1.6206 2.60235 1.06595 -0.297419 0.578457 0.835309 
-1.63465 2.63002 1.10812 -0.264488 0.528457 0.851628 
-1.64705 2.6552 1.15111 -0.231556 0.478457 0.867947 
-1.6578 2.67787 1.19492 -0.198624 0.428457 0.884266 
-1.66691 2.69804 1.23954 -0.165693 0.378457 0.900584 
-1.67437 2.71571 1.28498 -0.132761 0.328457 0.916903 
-1.68019 2.73089 1.33123 -0.0998296 0.278457 0.933222 
-1.68436 2.74356 1.3783 -0.066898 0.228457 0.949541 
-1.68688 2.75373 1.42618 -0.0339664 0.178457 0.96586 
-1.68775 2.76141 1.47489 -0.00103481 0.128457 0.982179 
-1.68698 2.76658 1.5244 0.0318968 0.078457 0.998498 
-1.68456 2.76925 1.57474 0.0648284 0.028457 1.01482 
-1.6805 2.76942 1.62588 0.09776 -0.021543 1.03114 
-1.67479 2.7671 1.67785 0.130692 -0.071543 1.04745 
-1.66743 2.76227 1.73063 0.163623 -0.121543 1.06377 
-1.65843 2.75494 1.78423 0.196555 -0.171543 1.08009 
-1.64777 2.74512 1.83864 0.229486 -0.221543 1.09641 
-1.63548 2.73279 1.89387 0.262418 -0.271543 1.11273 
-1.63533 2.73263 1.89451 0.262799 -0.272121 1.11292 
-1.63533 2.73263 1.89451 0.262799 -0.272121 1.11292 
-1.62341 2.7178 1.94891 0.21379 -0.321204 1.06292 
-1.61395 2.70051 2.0008 0.164781 -0.370287 1.01292 
-1.60693 2.68077 2.0502 0.115772 -0.419371 0.962918 
-1.60237 2.65857 2.09709 0.0667631 -0.468454 0.912918 
-1.60026 2.63392 2.14149 0.0177541 -0.517537 0.862918 
-1.60059 2.60682 2.18339 -0.0312548 -0.56662 0.812918 
-1.60338 2.57726 2.22278 -0.0802638 -0.615703 0.762918 
-1.60862 2.54525 2.25968 -0.129273 -0.664786 0.712918 
-1.61631 2.51078 2.29407 -0.178282 -0.713869 0.662918 
-1.62645 2.47386 2.32597 -0.227291 -0.762952 0.612918 
-1.63904 2.43449 2.35537 -0.2763 -0.812035 0.562918 
-1.65408 2.39266 2.38226 -0.325309 -0.861118 0.512918 
-1.67157 2.34838 2.40666 -0.374318 -0.910202 0.462918 
-1.69151 2.30164 2.42855 -0.423326 -0.959285 0.412918 
-1.7139 2.25245 2.44795 -0.472335 -1.00837 0.362918 
-1.73874 2.2008 2.46485 -0.521344 -1.05745 0.312918 
-1.76604 2.1467 2.47924 -0.570353 -1.10653 0.262918 
-1.79578 2.09015 2.49114 -0.619362 -1.15562 0.212918 
-1.82797 2.03114 2.50053 -0.668371 -1.2047 0.162918 
-1.86262 1.96968 2.50743 -0.71738 -1.25378 0.112918 
-1.89971 1.90576 2.51183 -0.766389 -1.30287 0.0629184 
-1.93925 1.83939 2.51372 -0.815398 -1.35195 0.0129184 
-1.98125 1.77057 2.51312 -0.864407 -1.40103 -0.0370816 
-2.0236 1.69929 2.51001 -0.822789 -1.45012 -0.0870816 
-2.06351 1.62556 2.50441 -0.77378 -1.4992 -0.137082 
-2.10098 1.54937 2.4963 -0.724771 -1.54828 -0.187082 
-2.13599 1.47073 2.4857 -0.675762 -1.59737 -0.237082 
-2.16855 1.38963 2.4726 -0.626753 -1.64645 -0.287082 
-2.19867 1.30608 2.45699 -0.577744 -1.69553 -0.337082 
-2.22633 1.22011 2.43889 -0.528735 -1.73286 -0.387082 
-2.25154 1.1347 2.41828 -0.479726 -1.68378 -0.437082 
-2.2743 1.05174 2.39518 -0.430717 -1.6347 -0.487082 
-2.29461 0.971229 2.36958 -0.381708 -1.58561 -0.537082 
-2.31247 0.893175 2.34147 -0.3327 -1.53653 -0.587082 
-2.32788 0.817576 2.31087 -0.283691 -1.48745 -0.637082 
-2.34084 0.744431 2.27776 -0.234682 -1.43836 -0.687082 
-2.35135 0.673739 2.24216 -0.185673 -1.38928 -0.737082 
-2.35941 0.605502 2.20406 -0.136664 -1.3402 -0.787082 
-2.36502 0.53972 2.16345 -0.0876547 -1.29112 -0.837082 
-2.36817 0.476391 2.12035 -0.0386458 -1.24203 -0.887082 
-2.36888 0.415516 2.07474 0.0103632 -1.19295 -0.937082 
-2.36714 0.357096 2.02664 0.0593722 -1.14387 -0.987082 
-2.36294 0.30113 1.97604 0.108381 -1.09478 -1.03708 
-2.3563 0.247618 1.92293 0.15739 -1.0457 -1.08708 
-2.34721 0.19656 1.86733 0.206399 -0.996617 -1.13708 
-2.33566 0.147956 1.80922 0.255408 -0.947534 -1.18708 
-2.32166 0.101806 1.74862 0.304417 -0.898451 -1.23708 
-2.30522 0.0581108 1.68552 0.353426 -0.849368 -1.28708 
-2.28632 0.0168695 1.61991 0.402435 -0.800285 -1.33708 
-2.26498 -0.0219176 1.55181 0.451444 -0.751202 -1.38708 
-2.24118 -0.0582506 1.4812 0.500453 -0.702118 -1.43708 
-2.21493 -0.0921295 1.4081 0.549462 -0.653035 -1.48708 
-2.18623 -0.123554 1.33249 0.598471 -0.603952 -1.53708 
-2.15508 -0.152525 1.25439 0.64748 -0.554869 -1.58391 
-2.12148 -0.179041 1.17645 0.696489 -0.505786 -1.53391 
-2.08543 -0.203103 1.101 0.745498 -0.456703 -1.48391 
-2.04693 -0.224711 1.02806 0.794507 -0.40762 -1.43391 
-2.00598 -0.243865 0.95761 0.843515 -0.358537 -1.38391 
-1.96258 -0.260565 0.889665 0.892524 -0.309454 -1.33391 
-1.91673 -0.274811 0.824219 0.941533 -0.260371 -1.28391 
-1.86843 -0.286602 0.761273 0.990542 -0.211287 -1.23391 
-1.81768 -0.295939 0.700827 1.03955 -0.162204 -1.18391 
-1.76447 -0.302823 0.642882 1.08856 -0.113121 -1.13391 
-1.70882 -0.307252 0.587436 1.13757 -0.0640381 -1.08391 
-1.65072 -0.309226 0.53449 1.18658 -0.014955 -1.03391 
-1.59016 -0.308747 0.484044 1.23559 0.0341281 -0.983915 
-1.52716 -0.305814 0.436099 1.2846 0.0832112 -0.933915 
-1.4617 -0.300426 0.390653 1.33361 0.132294 -0.883915 
-1.3938 -0.292584 0.347707 1.38261 0.181377 -0.833915 
-1.32344 -0.282288 0.307261 1.43162 0.23046 -0.783915 
-1.25064 -0.269538 0.269316 1.48063 0.279544 -0.733915 
-1.17538 -0.254334 0.23387 1.52964 0.328627 -0.683915 
-1.09767 -0.236675 0.200924 1.57865 0.37771 -0.633915 
-1.01751 -0.216563 0.170478 1.62766 0.426793 -0.583915 
-0.934905 -0.193996 0.142533 1.67667 0.475876 -0.533915 
-0.849847 -0.168975 0.117087 1.72568 0.524959 -0.483915 
-0.762338 -0.1415 0.0941411 1.77469 0.574042 -0.433915 
-0.672378 -0.111571 0.0736953 1.82369 0.623125 -0.383915 
-0.579968 -0.0791877 0.0557496 1.8727 0.672208 -0.333915 
-0.485108 -0.0443502 0.0403038 1.92171 0.721291 -0.283915 
-0.387797 -0.00705852 0.0273581 1.97072 0.770375 -0.233915 
-0.288036 0.0326873 0.0169123 2.01973 0.819458 -0.183915 
-0.185824 0.0748873 0.0089666 2.06874 0.868541 -0.133915 
-0.0811618 0.119541 0.00352086 2.11775 0.917624 -0.0839149 
0.0259509 0.16665 0.000575111 2.16676 0.966707 -0.0339149 
0.1 0.2 0 2.2 1 0 
